1555661315.5219 0.0000 -0.0000 -0.0000 0.0000 -0.0000 -0.0000
1555661315.5219 -0.0002 0.0001 0.0000 -0.0002 -0.0011 -0.0002
1555661315.7318 0.0001 -0.0012 0.0000 -0.0004 -0.0038 -0.0022
1555661315.7715 0.0009 -0.0012 0.0000 -0.0001 -0.0034 -0.0024
1555661315.8117 0.0022 -0.0016 0.0000 -0.0001 0.0003 -0.0005
1555661315.8516 0.0039 -0.0018 -0.0002 -0.0003 0.0022 -0.0005
1555661315.8916 0.0056 -0.0023 0.0002 0.0001 0.0003 -0.0027
1555661315.9312 0.0082 -0.0032 0.0004 -0.0003 -0.0007 -0.0032
1555661315.9719 0.0117 -0.0043 0.0005 0.0003 0.0036 -0.0040
1555661316.0115 0.0156 -0.0056 0.0006 0.0050 0.0056 -0.0060
1555661316.0515 0.0184 -0.0066 0.0008 0.0047 0.0054 -0.0034
1555661316.0919 0.0211 -0.0079 0.0010 0.0035 0.0029 -0.0034
1555661316.1314 0.0248 -0.0089 0.0012 0.0047 0.0027 -0.0032
1555661316.1715 0.0292 -0.0101 0.0013 0.0044 0.0091 -0.0022
1555661316.2121 0.0339 -0.0117 0.0013 0.0052 0.0127 -0.0028
1555661316.2517 0.0377 -0.0131 0.0015 0.0059 0.0130 -0.0051
1555661316.2917 0.0410 -0.0145 0.0016 0.0057 0.0120 -0.0075
1555661316.3317 0.0442 -0.0160 0.0016 0.0057 0.0133 -0.0100
1555661316.3719 0.0469 -0.0177 0.0017 0.0068 0.0140 -0.0129
1555661316.4115 0.0494 -0.0196 0.0017 0.0071 0.0122 -0.0162
1555661316.4517 0.0522 -0.0230 0.0019 0.0079 0.0078 -0.0118
1555661316.4914 0.0552 -0.0258 0.0017 0.0059 0.0118 -0.0155
1555661316.5314 0.0587 -0.0286 0.0017 0.0068 0.0121 -0.0186
1555661316.5718 0.0624 -0.0320 0.0018 0.0067 0.0116 -0.0231
1555661316.6117 0.0666 -0.0353 0.0019 0.0070 0.0112 -0.0293
1555661316.6515 0.0712 -0.0381 0.0018 0.0071 0.0103 -0.0364
1555661316.6918 0.0758 -0.0406 0.0024 0.0143 0.0008 -0.0453
1555661316.7315 0.0805 -0.0426 0.0020 0.0107 0.0018 -0.0570
1555661316.7716 0.0841 -0.0436 0.0021 0.0112 -0.0027 -0.0723
1555661316.8119 0.0886 -0.0457 0.0024 0.0110 -0.0080 -0.0815
1555661316.8513 0.0941 -0.0483 0.0023 0.0113 -0.0066 -0.0874
1555661316.8914 0.0993 -0.0502 0.0023 0.0115 0.0027 -0.0878
1555661316.9318 0.1033 -0.0514 0.0023 0.0131 0.0031 -0.0888
1555661316.9715 0.1054 -0.0524 0.0024 0.0119 -0.0001 -0.0919
1555661317.0116 0.1065 -0.0527 0.0025 0.0113 -0.0025 -0.0901
1555661317.0518 0.1073 -0.0530 0.0024 0.0119 -0.0023 -0.0891
1555661317.0916 0.1076 -0.0538 0.0024 0.0113 -0.0012 -0.0892
1555661317.1315 0.1073 -0.0544 0.0024 0.0110 -0.0015 -0.0871
1555661317.1726 0.1066 -0.0544 0.0023 0.0097 -0.0020 -0.0867
1555661317.2115 0.1056 -0.0546 0.0021 0.0097 -0.0022 -0.0874
1555661317.2513 0.1048 -0.0549 0.0021 0.0108 -0.0052 -0.0821
1555661317.2917 0.1042 -0.0540 0.0021 0.0111 -0.0054 -0.0821
1555661317.3316 0.1033 -0.0523 0.0026 0.0144 -0.0081 -0.0862
1555661317.3715 0.1029 -0.0520 0.0026 0.0136 -0.0083 -0.0848
1555661317.4118 0.1027 -0.0517 0.0025 0.0140 -0.0089 -0.0849
1555661317.4515 0.1026 -0.0519 0.0025 0.0143 -0.0083 -0.0853
1555661317.4921 0.1030 -0.0534 0.0020 0.0102 -0.0047 -0.0813
1555661317.5317 0.1027 -0.0534 0.0026 0.0114 -0.0102 -0.0797
1555661317.5716 0.1025 -0.0533 0.0026 0.0112 -0.0104 -0.0800
1555661317.6114 0.1024 -0.0532 0.0027 0.0111 -0.0108 -0.0793
1555661317.6518 0.1026 -0.0533 0.0020 0.0106 -0.0054 -0.0821
1555661317.6915 0.1023 -0.0524 0.0025 0.0144 -0.0085 -0.0864
1555661317.7314 0.1025 -0.0524 0.0025 0.0139 -0.0079 -0.0862
1555661317.7718 0.1026 -0.0524 0.0025 0.0141 -0.0083 -0.0867
1555661317.8115 0.1023 -0.0526 0.0025 0.0144 -0.0079 -0.0872
1555661317.8514 0.1019 -0.0529 0.0025 0.0141 -0.0083 -0.0873
1555661317.8917 0.1013 -0.0530 0.0026 0.0137 -0.0087 -0.0874
1555661317.9315 0.1008 -0.0529 0.0026 0.0135 -0.0098 -0.0868
1555661317.9715 0.1009 -0.0526 0.0026 0.0136 -0.0100 -0.0860
1555661318.0118 0.1016 -0.0522 0.0025 0.0142 -0.0091 -0.0854
1555661318.0516 0.1025 -0.0517 0.0024 0.0139 -0.0083 -0.0844
1555661318.0914 0.1035 -0.0516 0.0025 0.0139 -0.0079 -0.0845
1555661318.1319 0.1044 -0.0516 0.0024 0.0140 -0.0071 -0.0852
1555661318.1714 0.1050 -0.0519 0.0025 0.0140 -0.0067 -0.0848
1555661318.2114 0.1053 -0.0522 0.0025 0.0139 -0.0068 -0.0846
1555661318.2518 0.1053 -0.0521 0.0025 0.0140 -0.0067 -0.0851
1555661318.2916 0.1053 -0.0518 0.0025 0.0138 -0.0077 -0.0860
1555661318.3314 0.1055 -0.0512 0.0025 0.0140 -0.0083 -0.0894
1555661318.3718 0.1055 -0.0509 0.0026 0.0156 -0.0067 -0.0935
1555661318.4115 0.1040 -0.0516 0.0024 0.0149 -0.0032 -0.0920
1555661318.4514 0.1011 -0.0526 0.0025 0.0144 -0.0070 -0.0877
1555661318.4917 0.0978 -0.0537 0.0026 0.0129 -0.0136 -0.0859
1555661318.5314 0.0962 -0.0542 0.0026 0.0126 -0.0154 -0.0858
1555661318.5715 0.0966 -0.0540 0.0026 0.0137 -0.0120 -0.0868
1555661318.6118 0.0977 -0.0540 0.0025 0.0136 -0.0078 -0.0884
1555661318.6515 0.0985 -0.0536 0.0025 0.0135 -0.0076 -0.0894
1555661318.6915 0.0988 -0.0528 0.0025 0.0143 -0.0101 -0.0880
1555661318.7322 0.0991 -0.0526 0.0025 0.0136 -0.0114 -0.0867
1555661318.7718 0.1001 -0.0528 0.0022 0.0105 -0.0065 -0.0881
1555661318.8118 0.1006 -0.0530 0.0021 0.0122 -0.0033 -0.0890
1555661318.8518 0.1002 -0.0536 0.0022 0.0110 -0.0039 -0.0904
1555661318.8914 0.0994 -0.0538 0.0022 0.0105 -0.0070 -0.0906
1555661318.9315 0.0987 -0.0536 0.0022 0.0111 -0.0087 -0.0889
1555661318.9718 0.0989 -0.0536 0.0022 0.0106 -0.0078 -0.0889
1555661319.0116 0.0996 -0.0535 0.0021 0.0107 -0.0060 -0.0891
1555661319.0514 0.1002 -0.0531 0.0021 0.0115 -0.0045 -0.0888
1555661319.0919 0.1003 -0.0530 0.0021 0.0112 -0.0052 -0.0897
1555661319.1314 0.0999 -0.0532 0.0021 0.0106 -0.0067 -0.0899
1555661319.1716 0.0996 -0.0534 0.0022 0.0109 -0.0069 -0.0891
1555661319.2216 0.0995 -0.0536 0.0021 0.0110 -0.0061 -0.0894
1555661319.2514 0.0994 -0.0538 0.0021 0.0107 -0.0059 -0.0894
1555661319.2914 0.0992 -0.0537 0.0021 0.0110 -0.0066 -0.0896
1555661319.3319 0.0992 -0.0535 0.0021 0.0110 -0.0070 -0.0898
1555661319.3714 0.0992 -0.0534 0.0021 0.0108 -0.0064 -0.0894
1555661319.4117 0.0993 -0.0533 0.0021 0.0108 -0.0057 -0.0887
1555661319.4518 0.0993 -0.0533 0.0021 0.0111 -0.0060 -0.0891
1555661319.4918 0.0992 -0.0534 0.0021 0.0108 -0.0068 -0.0896
1555661319.5316 0.0992 -0.0535 0.0022 0.0109 -0.0068 -0.0896
1555661319.5815 0.0993 -0.0536 0.0021 0.0113 -0.0061 -0.0896
1555661319.6116 0.0993 -0.0537 0.0022 0.0107 -0.0059 -0.0893
1555661319.6516 0.0993 -0.0538 0.0021 0.0108 -0.0064 -0.0893
1555661319.6918 0.0993 -0.0536 0.0021 0.0110 -0.0066 -0.0896
1555661319.7322 0.0993 -0.0535 0.0021 0.0109 -0.0062 -0.0894
1555661319.7714 0.0991 -0.0533 0.0021 0.0110 -0.0056 -0.0892
1555661319.8119 0.0988 -0.0531 0.0021 0.0111 -0.0067 -0.0890
1555661319.8515 0.0988 -0.0532 0.0021 0.0107 -0.0077 -0.0892
1555661319.8914 0.0992 -0.0533 0.0021 0.0108 -0.0070 -0.0898
1555661319.9319 0.0996 -0.0535 0.0021 0.0112 -0.0055 -0.0894
1555661319.9716 0.0998 -0.0538 0.0021 0.0108 -0.0055 -0.0893
1555661320.0116 0.1001 -0.0540 0.0022 0.0106 -0.0079 -0.0909
1555661320.0520 0.1012 -0.0540 0.0022 0.0104 -0.0087 -0.0925
1555661320.0914 0.1034 -0.0541 0.0022 0.0116 -0.0074 -0.0912
1555661320.1313 0.1065 -0.0544 0.0022 0.0093 -0.0041 -0.0900
1555661320.1815 0.1098 -0.0556 0.0022 0.0116 -0.0036 -0.0928
1555661320.2116 0.1138 -0.0578 0.0021 0.0108 -0.0035 -0.0912
1555661320.2516 0.1177 -0.0595 0.0023 0.0113 -0.0041 -0.0949
1555661320.2918 0.1223 -0.0613 0.0030 0.0110 -0.0108 -0.1004
1555661320.3315 0.1281 -0.0636 0.0032 0.0106 -0.0113 -0.1062
1555661320.3716 0.1347 -0.0663 0.0031 0.0133 -0.0107 -0.1134
1555661320.4120 0.1431 -0.0694 0.0029 0.0112 -0.0066 -0.1222
1555661320.4516 0.1517 -0.0724 0.0036 0.0118 -0.0106 -0.1279
1555661320.4915 0.1606 -0.0762 0.0031 0.0113 -0.0063 -0.1368
1555661320.5318 0.1693 -0.0800 0.0035 0.0115 -0.0079 -0.1448
1555661320.5715 0.1778 -0.0840 0.0038 0.0118 -0.0067 -0.1496
1555661320.6117 0.1862 -0.0878 0.0040 0.0108 -0.0085 -0.1527
1555661320.6519 0.1944 -0.0919 0.0041 0.0110 -0.0099 -0.1556
1555661320.6914 0.2032 -0.0963 0.0074 -0.0209 -0.0093 -0.1573
1555661320.7315 0.2119 -0.1003 0.0075 -0.0196 -0.0081 -0.1550
1555661320.7718 0.2203 -0.1046 0.0076 -0.0198 -0.0077 -0.1528
1555661320.8117 0.2284 -0.1093 0.0078 -0.0199 -0.0095 -0.1478
1555661320.8515 0.2364 -0.1136 0.0081 -0.0129 -0.0154 -0.1439
1555661320.8918 0.2446 -0.1181 0.0078 -0.0078 -0.0189 -0.1419
1555661320.9315 0.2550 -0.1245 0.0080 -0.0080 -0.0153 -0.1366
1555661320.9716 0.2656 -0.1305 0.0086 -0.0078 -0.0147 -0.1307
1555661321.0120 0.2774 -0.1377 0.0068 0.0096 -0.0181 -0.1280
1555661321.0515 0.2884 -0.1443 0.0071 0.0096 -0.0205 -0.1271
1555661321.0916 0.2993 -0.1506 0.0072 0.0108 -0.0187 -0.1289
1555661321.1418 0.3137 -0.1582 0.0073 0.0107 -0.0194 -0.1298
1555661321.1715 0.3222 -0.1629 0.0073 0.0099 -0.0194 -0.1289
1555661321.2116 0.3337 -0.1690 0.0074 0.0085 -0.0190 -0.1275
1555661321.2520 0.3450 -0.1750 0.0075 0.0102 -0.0181 -0.1267
1555661321.2916 0.3560 -0.1812 0.0075 0.0089 -0.0170 -0.1259
1555661321.3317 0.3665 -0.1875 0.0077 0.0099 -0.0217 -0.1240
1555661321.3719 0.3773 -0.1940 0.0078 0.0096 -0.0236 -0.1248
1555661321.4118 0.3886 -0.2007 0.0071 0.0139 -0.0175 -0.1275
1555661321.4516 0.4000 -0.2079 0.0052 0.0065 0.0057 -0.1323
1555661321.4920 0.4122 -0.2145 0.0052 0.0067 0.0058 -0.1346
1555661321.5316 0.4238 -0.2211 0.0054 0.0061 0.0051 -0.1348
1555661321.5726 0.4350 -0.2275 0.0056 0.0059 0.0036 -0.1346
1555661321.6120 0.4467 -0.2342 0.0057 0.0041 0.0013 -0.1352
1555661321.6515 0.4592 -0.2415 0.0060 0.0058 0.0002 -0.1355
1555661321.6915 0.4729 -0.2491 0.0059 0.0042 0.0043 -0.1365
1555661321.7319 0.4870 -0.2565 0.0056 0.0072 0.0065 -0.1345
1555661321.7718 0.5005 -0.2639 0.0058 0.0069 0.0039 -0.1365
1555661321.8222 0.5133 -0.2714 0.0070 0.0088 -0.0004 -0.1315
1555661321.8519 0.5264 -0.2794 0.0071 0.0082 0.0041 -0.1276
1555661321.8915 0.5388 -0.2872 0.0074 0.0122 0.0022 -0.1236
1555661321.9315 0.5506 -0.2958 0.0077 0.0099 -0.0059 -0.1218
1555661321.9816 0.5668 -0.3071 0.0079 0.0096 -0.0049 -0.1169
1555661322.0117 0.5772 -0.3139 0.0082 0.0090 0.0005 -0.1156
1555661322.0517 0.5906 -0.3232 0.0086 0.0115 0.0100 -0.1092
1555661322.0920 0.6020 -0.3322 0.0091 0.0104 0.0059 -0.1017
1555661322.1316 0.6126 -0.3403 0.0094 0.0104 -0.0042 -0.0913
1555661322.1718 0.6237 -0.3491 0.0099 0.0095 -0.0089 -0.0815
1555661322.2121 0.6365 -0.3592 0.0097 0.0088 -0.0044 -0.0720
1555661322.2518 0.6496 -0.3692 0.0099 0.0067 0.0055 -0.0555
1555661322.2919 0.6621 -0.3792 0.0101 0.0078 0.0048 -0.0426
1555661322.3319 0.6734 -0.3902 0.0103 0.0051 0.0013 -0.0319
1555661322.3718 0.6850 -0.4010 0.0107 0.0057 -0.0019 -0.0166
1555661322.4117 0.6979 -0.4120 0.0107 0.0060 -0.0020 -0.0028
1555661322.4520 0.7112 -0.4235 0.0107 0.0063 0.0060 0.0096
1555661322.4916 0.7238 -0.4352 0.0112 0.0083 0.0070 0.0245
1555661322.5318 0.7362 -0.4465 0.0114 0.0077 0.0062 0.0363
1555661322.5721 0.7482 -0.4576 0.0115 0.0071 0.0076 0.0470
1555661322.6118 0.7603 -0.4685 0.0117 0.0065 0.0071 0.0606
1555661322.6517 0.7715 -0.4790 0.0114 0.0068 0.0106 0.0705
1555661322.6920 0.7816 -0.4899 0.0113 0.0057 0.0070 0.0819
1555661322.7318 0.7917 -0.5027 0.0116 0.0023 -0.0034 0.0945
1555661322.7718 0.8036 -0.5151 0.0120 0.0013 -0.0082 0.1025
1555661322.8121 0.8180 -0.5273 0.0121 0.0026 -0.0026 0.1130
1555661322.8524 0.8342 -0.5403 0.0115 0.0040 0.0063 0.1251
1555661322.8918 0.8500 -0.5529 0.0112 0.0039 0.0133 0.1320
1555661322.9321 0.8646 -0.5661 0.0113 0.0047 0.0103 0.1377
1555661322.9719 0.8788 -0.5803 0.0114 0.0031 0.0067 0.1462
1555661323.0119 0.8938 -0.5946 0.0112 0.0022 0.0077 0.1518
1555661323.0519 0.9085 -0.6083 0.0109 0.0036 0.0122 0.1576
1555661323.0918 0.9231 -0.6232 0.0108 0.0026 0.0092 0.1660
1555661323.1317 0.9371 -0.6386 0.0111 0.0009 0.0064 0.1707
1555661323.1723 0.9522 -0.6536 0.0112 0.0013 0.0043 0.1756
1555661323.2117 0.9683 -0.6693 0.0109 0.0017 0.0090 0.1832
1555661323.2515 0.9841 -0.6847 0.0109 0.0010 0.0152 0.1883
1555661323.2925 0.9982 -0.7000 0.0111 0.0026 0.0140 0.1962
1555661323.3317 1.0116 -0.7160 0.0109 0.0014 0.0091 0.2053
1555661323.3749 1.0244 -0.7313 0.0113 0.0019 0.0043 0.2139
1555661323.4121 1.0384 -0.7473 0.0113 0.0018 0.0083 0.2229
1555661323.4517 1.0519 -0.7624 0.0113 0.0012 0.0118 0.2343
1555661323.4917 1.0646 -0.7770 0.0113 0.0028 0.0130 0.2465
1555661323.5321 1.0770 -0.7926 0.0115 0.0001 0.0103 0.2579
1555661323.5816 1.0931 -0.8128 0.0113 -0.0006 0.0085 0.2743
1555661323.6124 1.1027 -0.8242 0.0116 0.0019 0.0150 0.2837
1555661323.6521 1.1162 -0.8404 0.0115 0.0020 0.0169 0.2976
1555661323.6917 1.1289 -0.8571 0.0113 -0.0006 0.0180 0.3099
1555661323.7322 1.1410 -0.8734 0.0118 -0.0025 0.0122 0.3228
1555661323.7723 1.1543 -0.8898 0.0117 -0.0033 0.0118 0.3354
1555661323.8118 1.1677 -0.9061 0.0117 -0.0003 0.0129 0.3518
1555661323.8524 1.1811 -0.9228 0.0118 -0.0023 0.0161 0.3667
1555661323.8920 1.1950 -0.9392 0.0117 0.0023 0.0161 0.3812
1555661323.9319 1.2086 -0.9556 0.0117 0.0027 0.0148 0.3903
1555661323.9720 1.2228 -0.9727 0.0117 0.0001 0.0170 0.4032
1555661324.0120 1.2372 -0.9895 0.0116 0.0012 0.0183 0.4160
1555661324.0517 1.2504 -1.0060 0.0118 -0.0012 0.0160 0.4277
1555661324.0917 1.2646 -1.0235 0.0115 0.0004 0.0120 0.4444
1555661324.1321 1.2792 -1.0409 0.0117 0.0004 0.0078 0.4587
1555661324.1716 1.2946 -1.0576 0.0118 0.0032 0.0143 0.4677
1555661324.2117 1.3113 -1.0745 0.0115 0.0030 0.0177 0.4802
1555661324.2519 1.3270 -1.0921 0.0113 0.0035 0.0196 0.4907
1555661324.2916 1.3417 -1.1098 0.0117 0.0023 0.0160 0.4991
1555661324.3316 1.3566 -1.1284 0.0115 0.0001 0.0125 0.5114
1555661324.3721 1.3711 -1.1462 0.0115 0.0004 0.0120 0.5216
1555661324.4116 1.3865 -1.1644 0.0114 0.0003 0.0116 0.5292
1555661324.4519 1.4026 -1.1833 0.0114 -0.0003 0.0134 0.5389
1555661324.4921 1.4190 -1.2011 0.0110 0.0030 0.0154 0.5490
1555661324.5416 1.4399 -1.2235 0.0113 0.0008 0.0204 0.5572
1555661324.5718 1.4525 -1.2374 0.0110 0.0002 0.0205 0.5655
1555661324.6122 1.4686 -1.2560 0.0113 0.0012 0.0203 0.5756
1555661324.6232 1.4731 -1.2609 0.0111 0.0013 0.0195 0.5806
1555661324.6232 1.4731 -1.2609 0.0111 0.0013 0.0195 0.5806
1555661324.6232 1.4731 -1.2609 0.0111 0.0013 0.0195 0.5806
1555661324.6232 1.4731 -1.2609 0.0111 0.0013 0.0195 0.5806
1555661324.6232 1.4731 -1.2609 0.0111 0.0013 0.0195 0.5806
1555661324.6232 1.4731 -1.2609 0.0111 0.0013 0.0195 0.5806
1555661324.6232 1.4731 -1.2609 0.0111 0.0013 0.0195 0.5806
1555661324.9352 1.6058 -1.4055 0.0116 -0.0011 0.0207 0.6769
1555661324.9718 1.6227 -1.4228 0.0120 -0.0034 0.0175 0.6898
1555661325.0222 1.6437 -1.4429 0.0119 -0.0009 0.0206 0.7041
1555661325.0518 1.6578 -1.4551 0.0117 -0.0033 0.0216 0.7154
1555661325.0917 1.6769 -1.4715 0.0118 -0.0067 0.0211 0.7271
1555661325.1319 1.6951 -1.4864 0.0123 -0.0051 0.0218 0.7393
1555661325.1721 1.7145 -1.5003 0.0122 -0.0086 0.0209 0.7500
1555661325.2116 1.7347 -1.5130 0.0118 -0.0097 0.0239 0.7616
1555661325.2517 1.7556 -1.5253 0.0113 -0.0095 0.0287 0.7728
1555661325.2919 1.7768 -1.5381 0.0109 -0.0083 0.0363 0.7844
1555661325.3316 1.7970 -1.5515 0.0114 -0.0087 0.0342 0.7942
1555661325.3718 1.8174 -1.5651 0.0118 -0.0106 0.0297 0.8047
1555661325.4122 1.8372 -1.5778 0.0116 -0.0060 0.0274 0.8155
1555661325.4516 1.8581 -1.5905 0.0119 -0.0063 0.0280 0.8264
1555661325.4916 1.8780 -1.6032 0.0125 -0.0111 0.0300 0.8276
1555661325.5319 1.9021 -1.6144 0.0122 -0.0175 0.0225 0.8516
1555661325.5718 1.9245 -1.6246 0.0123 -0.0150 0.0253 0.8616
1555661325.6117 1.9471 -1.6348 0.0122 -0.0175 0.0295 0.8740
1555661325.6520 1.9691 -1.6454 0.0126 -0.0164 0.0290 0.8870
1555661325.6915 1.9907 -1.6565 0.0126 -0.0185 0.0236 0.8999
1555661325.7316 2.0127 -1.6670 0.0125 -0.0153 0.0236 0.9131
1555661325.7719 2.0337 -1.6769 0.0130 -0.0156 0.0230 0.9308
1555661325.8117 2.0571 -1.6866 0.0130 -0.0171 0.0279 0.9440
1555661325.8517 2.0804 -1.6955 0.0129 -0.0138 0.0289 0.9565
1555661325.8947 2.1009 -1.7042 0.0133 -0.0121 0.0327 0.9603
1555661325.9317 2.1243 -1.7127 0.0135 -0.0139 0.0338 0.9758
1555661325.9719 2.1475 -1.7205 0.0139 -0.0156 0.0318 0.9916
1555661326.0124 2.1722 -1.7272 0.0144 -0.0173 0.0307 1.0052
1555661326.0517 2.1955 -1.7331 0.0143 -0.0144 0.0385 1.0167
1555661326.0917 2.2195 -1.7381 0.0151 -0.0162 0.0392 1.0365
1555661326.1320 2.2434 -1.7440 0.0157 -0.0175 0.0390 1.0467
1555661326.1721 2.2662 -1.7492 0.0160 -0.0160 0.0411 1.0598
1555661326.2116 2.2871 -1.7538 0.0162 -0.0121 0.0433 1.0754
1555661326.2520 2.3081 -1.7595 0.0168 -0.0132 0.0401 1.0904
1555661326.2916 2.3299 -1.7657 0.0175 -0.0162 0.0349 1.1059
1555661326.3316 2.3519 -1.7703 0.0181 -0.0137 0.0322 1.1222
1555661326.3724 2.3743 -1.7737 0.0181 -0.0128 0.0387 1.1360
1555661326.4119 2.3962 -1.7769 0.0182 -0.0105 0.0449 1.1512
1555661326.4517 2.4179 -1.7805 0.0188 -0.0117 0.0398 1.1669
1555661326.4921 2.4401 -1.7833 0.0195 -0.0147 0.0318 1.1795
1555661326.5317 2.4629 -1.7840 0.0198 -0.0134 0.0375 1.1915
1555661326.5718 2.4854 -1.7834 0.0198 -0.0102 0.0476 1.2065
1555661326.6119 2.5081 -1.7833 0.0203 -0.0095 0.0539 1.2184
1555661326.6518 2.5303 -1.7853 0.0209 -0.0093 0.0531 1.2301
1555661326.6949 2.5517 -1.7889 0.0210 -0.0099 0.0511 1.2443
1555661326.7320 2.5712 -1.7930 0.0208 -0.0097 0.0458 1.2618
1555661326.7717 2.5912 -1.7979 0.0211 -0.0114 0.0390 1.2795
1555661326.8117 2.6141 -1.8023 0.0218 -0.0132 0.0314 1.2938
1555661326.8519 2.6381 -1.8042 0.0221 -0.0131 0.0317 1.3085
1555661326.8916 2.6614 -1.8036 0.0218 -0.0107 0.0459 1.3266
1555661326.9315 2.6847 -1.8040 0.0218 -0.0071 0.0580 1.3452
1555661326.9722 2.7091 -1.8070 0.0222 -0.0090 0.0533 1.3585
1555661327.0118 2.7317 -1.8111 0.0226 -0.0134 0.0448 1.3734
1555661327.0514 2.7539 -1.8145 0.0230 -0.0127 0.0379 1.3919
1555661327.0917 2.7772 -1.8168 0.0233 -0.0123 0.0367 1.4112
1555661327.1327 2.8021 -1.8179 0.0233 -0.0132 0.0436 1.4256
1555661327.1717 2.8261 -1.8185 0.0234 -0.0111 0.0488 1.4438
1555661327.2122 2.8498 -1.8199 0.0236 -0.0117 0.0489 1.4580
1555661327.2516 2.8739 -1.8212 0.0239 -0.0120 0.0426 1.4731
1555661327.2921 2.8983 -1.8218 0.0242 -0.0119 0.0420 1.4898
1555661327.3321 2.9229 -1.8209 0.0241 -0.0132 0.0463 1.5041
1555661327.3718 2.9477 -1.8202 0.0243 -0.0114 0.0545 1.5230
1555661327.4120 2.9732 -1.8194 0.0242 -0.0137 0.0538 1.5379
1555661327.4520 2.9979 -1.8191 0.0246 -0.0128 0.0502 1.5517
1555661327.4916 3.0236 -1.8180 0.0247 -0.0128 0.0465 1.5664
1555661327.5317 3.0502 -1.8165 0.0246 -0.0142 0.0500 1.5811
1555661327.5722 3.0751 -1.8152 0.0247 -0.0102 0.0514 1.5994
1555661327.6121 3.1023 -1.8133 0.0253 -0.0112 0.0444 1.6112
1555661327.6516 3.1297 -1.8106 0.0252 -0.0143 0.0466 1.6237
1555661327.6919 3.1550 -1.8070 0.0258 -0.0077 0.0525 1.6406
1555661327.7315 3.1817 -1.8030 0.0257 -0.0109 0.0511 1.6547
1555661327.7728 3.2089 -1.7987 0.0261 -0.0135 0.0506 1.6695
1555661327.8122 3.2352 -1.7937 0.0263 -0.0106 0.0516 1.6854
1555661327.8516 3.2626 -1.7889 0.0263 -0.0105 0.0586 1.7015
1555661327.8917 3.2903 -1.7852 0.0264 -0.0115 0.0588 1.7176
1555661327.9319 3.3188 -1.7824 0.0269 -0.0102 0.0511 1.7369
1555661327.9822 3.3478 -1.7789 0.0270 -0.0123 0.0480 1.7551
1555661328.0125 3.3766 -1.7744 0.0274 -0.0088 0.0503 1.7756
1555661328.0520 3.4065 -1.7692 0.0274 -0.0101 0.0536 1.7962
1555661328.0915 3.4346 -1.7642 0.0279 -0.0111 0.0539 1.8163
1555661328.1316 3.4616 -1.7585 0.0280 -0.0097 0.0494 1.8360
1555661328.1721 3.4902 -1.7513 0.0282 -0.0106 0.0538 1.8543
1555661328.2118 3.5188 -1.7433 0.0286 -0.0102 0.0611 1.8733
1555661328.2517 3.5458 -1.7365 0.0288 -0.0093 0.0646 1.8895
1555661328.2925 3.5722 -1.7312 0.0291 -0.0029 0.0593 1.9082
1555661328.3318 3.5993 -1.7251 0.0298 -0.0082 0.0530 1.9250
1555661328.3718 3.6252 -1.7181 0.0297 -0.0042 0.0559 1.9404
1555661328.4125 3.6500 -1.7102 0.0299 -0.0033 0.0599 1.9568
1555661328.4517 3.6755 -1.7015 0.0303 -0.0034 0.0617 1.9729
1555661328.4916 3.7004 -1.6925 0.0305 -0.0043 0.0619 1.9865
1555661328.5320 3.7240 -1.6833 0.0307 -0.0035 0.0630 2.0014
1555661328.5725 3.7481 -1.6731 0.0310 -0.0027 0.0659 2.0165
1555661328.6118 3.7731 -1.6631 0.0313 -0.0019 0.0669 2.0313
1555661328.6524 3.7971 -1.6533 0.0316 -0.0008 0.0658 2.0464
1555661328.6916 3.8222 -1.6433 0.0322 -0.0002 0.0633 2.0601
1555661328.7316 3.8478 -1.6322 0.0326 -0.0023 0.0612 2.0740
1555661328.7729 3.8721 -1.6205 0.0326 0.0016 0.0636 2.0892
1555661328.8119 3.8970 -1.6084 0.0331 0.0014 0.0652 2.1041
1555661328.8517 3.9232 -1.5953 0.0335 0.0014 0.0644 2.1189
1555661328.8923 3.9486 -1.5834 0.0335 0.0033 0.0647 2.1330
1555661328.9316 3.9730 -1.5714 0.0338 0.0054 0.0623 2.1491
1555661328.9718 3.9979 -1.5581 0.0338 0.0050 0.0613 2.1627
1555661329.0122 4.0227 -1.5430 0.0336 0.0023 0.0624 2.1775
1555661329.0516 4.0468 -1.5277 0.0339 0.0068 0.0715 2.1935
1555661329.1018 4.0778 -1.5101 0.0340 0.0054 0.0714 2.2126
1555661329.1318 4.0964 -1.5002 0.0343 0.0046 0.0627 2.2247
1555661329.1720 4.1209 -1.4866 0.0346 0.0060 0.0567 2.2412
1555661329.2119 4.1454 -1.4706 0.0346 0.0056 0.0583 2.2580
1555661329.2521 4.1685 -1.4529 0.0345 0.0088 0.0623 2.2759
1555661329.2918 4.1902 -1.4358 0.0344 0.0108 0.0704 2.2913
1555661329.3325 4.2122 -1.4196 0.0345 0.0113 0.0699 2.3060
1555661329.3720 4.2346 -1.4032 0.0346 0.0094 0.0616 2.3212
1555661329.4117 4.2559 -1.3861 0.0347 0.0104 0.0592 2.3341
1555661329.4517 4.2751 -1.3676 0.0346 0.0126 0.0627 2.3479
1555661329.4517 4.2751 -1.3676 0.0346 0.0126 0.0627 2.3479
1555661329.4517 4.2751 -1.3676 0.0346 0.0126 0.0627 2.3479
1555661329.4517 4.2751 -1.3676 0.0346 0.0126 0.0627 2.3479
1555661329.4517 4.2751 -1.3676 0.0346 0.0126 0.0627 2.3479
1555661329.4517 4.2751 -1.3676 0.0346 0.0126 0.0627 2.3479
1555661329.4517 4.2751 -1.3676 0.0346 0.0126 0.0627 2.3479
1555661329.4517 4.2751 -1.3676 0.0346 0.0126 0.0627 2.3479
1555661329.4517 4.2751 -1.3676 0.0346 0.0126 0.0627 2.3479
1555661329.8118 4.4172 -1.1849 0.0341 0.0174 0.0682 2.4489
1555661329.8519 4.4304 -1.1628 0.0343 0.0179 0.0656 2.4596
1555661329.9019 4.4434 -1.1401 0.0342 0.0178 0.0646 2.4684
1555661329.9317 4.4559 -1.1166 0.0343 0.0203 0.0642 2.4793
1555661329.9917 4.4746 -1.0797 0.0336 0.0174 0.0633 2.4958
1555661330.0216 4.4838 -1.0610 0.0337 0.0181 0.0619 2.5031
1555661330.0517 4.4926 -1.0424 0.0337 0.0188 0.0609 2.5114
1555661330.0919 4.5043 -1.0175 0.0334 0.0193 0.0616 2.5218
1555661330.1317 4.5156 -0.9918 0.0333 0.0187 0.0581 2.5322
1555661330.1723 4.5253 -0.9653 0.0330 0.0191 0.0575 2.5419
1555661330.2122 4.5344 -0.9382 0.0330 0.0224 0.0654 2.5532
1555661330.2629 4.5460 -0.9052 0.0327 0.0244 0.0683 2.5670
1555661330.2917 4.5536 -0.8858 0.0328 0.0233 0.0629 2.5739
1555661330.3320 4.5653 -0.8595 0.0360 0.0210 0.0698 2.5837
1555661330.3716 4.5739 -0.8335 0.0355 0.0188 0.0652 2.5939
1555661330.4117 4.5822 -0.8080 0.0352 0.0211 0.0699 2.6049
1555661330.4519 4.5907 -0.7825 0.0355 0.0210 0.0661 2.6176
1555661330.4918 4.5984 -0.7576 0.0347 0.0166 0.0583 2.6279
1555661330.5316 4.6050 -0.7333 0.0345 0.0166 0.0617 2.6394
1555661330.5720 4.6111 -0.7088 0.0339 0.0155 0.0647 2.6523
1555661330.6119 4.6177 -0.6844 0.0339 0.0114 0.0696 2.6627
1555661330.6517 4.6234 -0.6616 0.0331 0.0035 0.0736 2.6729
1555661330.6920 4.6323 -0.6382 0.0385 0.0303 0.0654 2.6957
1555661330.7316 4.6373 -0.6141 0.0376 0.0249 0.0678 2.7080
1555661330.7715 4.6383 -0.5929 0.0339 0.0468 0.0743 2.7302
1555661330.8119 4.6414 -0.5704 0.0339 0.0491 0.0787 2.7422
1555661330.8517 4.6461 -0.5477 0.0338 0.0477 0.0794 2.7518
1555661330.8916 4.6509 -0.5259 0.0340 0.0472 0.0715 2.7628
1555661330.9320 4.6547 -0.5039 0.0342 0.0473 0.0671 2.7735
1555661330.9717 4.6572 -0.4807 0.0340 0.0477 0.0717 2.7818
1555661331.0117 4.6587 -0.4570 0.0333 0.0482 0.0791 2.7929
1555661331.0518 4.6636 -0.4327 0.0370 0.0420 0.0635 2.7905
1555661331.0918 4.6669 -0.4096 0.0372 0.0383 0.0572 2.7975
1555661331.1315 4.6642 -0.3872 0.0297 0.0318 0.0606 2.8053
1555661331.1722 4.6653 -0.3637 0.0291 0.0320 0.0613 2.8112
1555661331.2119 4.6664 -0.3402 0.0291 0.0334 0.0708 2.8240
1555661331.2517 4.6670 -0.3163 0.0289 0.0326 0.0696 2.8293
1555661331.2919 4.6682 -0.2931 0.0285 0.0324 0.0685 2.8353
1555661331.3317 4.6697 -0.2697 0.0286 0.0333 0.0646 2.8433
1555661331.3718 4.6711 -0.2459 0.0284 0.0314 0.0636 2.8497
1555661331.4121 4.6723 -0.2229 0.0284 0.0338 0.0646 2.8567
1555661331.4518 4.6791 -0.1993 0.0356 0.0322 0.0664 2.8650
1555661331.4917 4.6802 -0.1753 0.0353 0.0303 0.0611 2.8709
1555661331.5321 4.6797 -0.1517 0.0351 0.0298 0.0603 2.8766
1555661331.5717 4.6781 -0.1287 0.0353 0.0313 0.0659 2.8838
1555661331.6120 4.6758 -0.1057 0.0348 0.0336 0.0707 2.8919
1555661331.6521 4.6746 -0.0835 0.0352 0.0327 0.0688 2.8967
1555661331.6918 4.6731 -0.0627 0.0347 0.0307 0.0660 2.9017
1555661331.7318 4.6714 -0.0421 0.0349 0.0306 0.0621 2.9084
1555661331.7721 4.6685 -0.0213 0.0343 0.0307 0.0644 2.9145
1555661331.8116 4.6661 -0.0013 0.0351 0.0342 0.0675 2.9223
1555661331.8518 4.6627 0.0187 0.0342 0.0318 0.0654 2.9293
1555661331.8922 4.6609 0.0387 0.0347 0.0336 0.0643 2.9364
1555661331.9317 4.6589 0.0575 0.0352 0.0340 0.0629 2.9447
1555661331.9719 4.6560 0.0758 0.0347 0.0330 0.0649 2.9534
1555661332.0119 4.6481 0.0954 0.0274 0.0335 0.0583 2.9597
1555661332.0518 4.6503 0.1138 0.0348 0.0327 0.0608 2.9689
1555661332.0918 4.6453 0.1318 0.0340 0.0369 0.0636 2.9773
1555661332.1321 4.6421 0.1495 0.0341 0.0345 0.0708 2.9828
1555661332.1716 4.6406 0.1675 0.0345 0.0354 0.0663 2.9933
1555661332.2117 4.6389 0.1846 0.0339 0.0316 0.0613 2.9999
1555661332.2520 4.6324 0.2022 0.0267 0.0343 0.0581 3.0071
1555661332.2917 4.6306 0.2194 0.0269 0.0342 0.0597 3.0178
1555661332.3315 4.6276 0.2361 0.0266 0.0295 0.0612 3.0260
1555661332.3719 4.6256 0.2521 0.0264 0.0332 0.0581 3.0326
1555661332.4117 4.6235 0.2668 0.0263 0.0387 0.0574 3.0418
1555661332.4528 4.6207 0.2822 0.0265 0.0389 0.0542 3.0479
1555661332.4921 4.6170 0.2975 0.0265 0.0390 0.0546 3.0556
1555661332.5317 4.6116 0.3121 0.0265 0.0362 0.0566 3.0653
1555661332.5715 4.6068 0.3263 0.0263 0.0386 0.0593 3.0696
1555661332.6119 4.6030 0.3401 0.0267 0.0378 0.0581 3.0744
1555661332.6516 4.5985 0.3535 0.0263 0.0370 0.0564 3.0804
1555661332.6915 4.5937 0.3669 0.0265 0.0386 0.0572 3.0830
1555661332.7318 4.5887 0.3802 0.0265 0.0400 0.0574 3.0877
1555661332.7716 4.5836 0.3930 0.0266 0.0414 0.0554 3.0930
1555661332.8116 4.5784 0.4058 0.0265 0.0436 0.0589 3.0940
1555661332.8521 4.5730 0.4189 0.0264 0.0449 0.0616 3.0945
1555661332.8920 4.5673 0.4323 0.0264 0.0452 0.0633 3.0970
1555661332.9318 4.5608 0.4452 0.0265 0.0458 0.0652 3.1006
1555661332.9720 4.5537 0.4568 0.0265 0.0462 0.0672 3.1047
1555661333.0118 4.5464 0.4681 0.0265 0.0473 0.0698 3.1086
1555661333.0517 4.5386 0.4800 0.0265 0.0480 0.0726 3.1111
1555661333.0919 4.5307 0.4918 0.0267 0.0493 0.0778 3.1128
1555661333.1314 4.5229 0.5031 0.0267 0.0509 0.0810 3.1148
1555661333.1719 4.5157 0.5142 0.0268 0.0522 0.0838 3.1180
1555661333.2119 4.5080 0.5255 0.0269 0.0534 0.0847 3.1206
1555661333.2616 4.4974 0.5396 0.0273 0.0543 0.0861 3.1227
1555661333.2914 4.4905 0.5480 0.0272 0.0549 0.0900 3.1240
1555661333.3319 4.4809 0.5593 0.0272 0.0559 0.0916 3.1235
1555661333.3716 4.4710 0.5711 0.0274 0.0566 0.0939 3.1229
1555661333.4117 4.4608 0.5835 0.0276 0.0578 0.0964 3.1226
1555661333.4518 4.4501 0.5959 0.0277 0.0578 0.0978 3.1221
1555661333.4916 4.4388 0.6081 0.0276 0.0585 0.0993 3.1220
1555661333.5316 4.4270 0.6203 0.0275 0.0583 0.1004 3.1232
1555661333.5719 4.4144 0.6329 0.0273 0.0589 0.1005 3.1225
1555661333.6115 4.4008 0.6461 0.0274 0.0591 0.1003 3.1225
1555661333.6615 4.3825 0.6628 0.0275 0.0593 0.1028 3.1255
1555661333.6920 4.3709 0.6729 0.0273 0.0599 0.1039 3.1280
1555661333.7315 4.3560 0.6864 0.0276 0.0584 0.1042 3.1297
1555661333.7716 4.3408 0.7009 0.0275 0.0601 0.1034 3.1319
1555661333.8120 4.3237 0.7159 0.0284 0.0630 0.0863 3.1322
1555661333.8516 4.3067 0.7305 0.0284 0.0631 0.0891 3.1358
1555661333.8919 4.2902 0.7448 0.0276 0.0596 0.0983 -3.1325
1555661333.9320 4.2724 0.7592 0.0278 0.0614 0.1020 -3.1342
1555661333.9723 4.2548 0.7739 0.0278 0.0613 0.0965 -3.1309
1555661334.0119 4.2363 0.7882 0.0275 0.0585 0.0946 -3.1277
1555661334.0520 4.2174 0.8013 0.0273 0.0586 0.0933 -3.1224
1555661334.0917 4.1985 0.8146 0.0270 0.0581 0.0911 -3.1173
1555661334.1319 4.1797 0.8283 0.0269 0.0575 0.0889 -3.1138
1555661334.1721 4.1606 0.8415 0.0268 0.0571 0.0885 -3.1100
1555661334.2120 4.1414 0.8542 0.0266 0.0581 0.0895 -3.1071
1555661334.2517 4.1218 0.8671 0.0271 0.0458 0.0853 -3.0974
1555661334.2925 4.1026 0.8789 0.0266 0.0546 0.0881 -3.1011
1555661334.3316 4.0834 0.8906 0.0265 0.0539 0.0851 -3.0977
1555661334.3728 4.0643 0.9024 0.0263 0.0532 0.0822 -3.0935
1555661334.4121 4.0447 0.9145 0.0263 0.0518 0.0791 -3.0887
1555661334.4517 4.0243 0.9263 0.0263 0.0533 0.0799 -3.0890
1555661334.4919 4.0023 0.9381 0.0273 0.0583 0.0686 -3.0874
1555661334.5320 3.9799 0.9500 0.0270 0.0576 0.0719 -3.0873
1555661334.5720 3.9567 0.9616 0.0268 0.0574 0.0737 -3.0873
1555661334.6127 3.9334 0.9733 0.0258 0.0550 0.0849 -3.0880
1555661334.6522 3.9095 0.9848 0.0259 0.0518 0.0846 -3.0912
1555661334.6926 3.8842 0.9963 0.0257 0.0517 0.0846 -3.0933
1555661334.7320 3.8585 1.0072 0.0255 0.0506 0.0852 -3.0962
1555661334.7725 3.8328 1.0186 0.0254 0.0507 0.0825 -3.0979
1555661334.8121 3.8072 1.0304 0.0255 0.0503 0.0836 -3.1004
1555661334.8535 3.7823 1.0425 0.0259 0.0509 0.0812 -3.1037
1555661334.8924 3.7581 1.0546 0.0259 0.0485 0.0764 -3.1051
1555661334.9318 3.7330 1.0661 0.0259 0.0508 0.0718 -3.1064
1555661334.9717 3.7064 1.0770 0.0253 0.0481 0.0747 -3.1070
1555661335.0122 3.6795 1.0881 0.0252 0.0485 0.0801 -3.1101
1555661335.0515 3.6544 1.0992 0.0253 0.0491 0.0799 -3.1151
1555661335.0914 3.6300 1.1103 0.0253 0.0480 0.0695 -3.1148
1555661335.1317 3.6047 1.1210 0.0252 0.0475 0.0699 -3.1161
1555661335.1717 3.5783 1.1317 0.0250 0.0482 0.0718 -3.1191
1555661335.2120 3.5521 1.1425 0.0246 0.0480 0.0758 -3.1206
1555661335.2523 3.5263 1.1527 0.0241 0.0458 0.0764 -3.1203
1555661335.2920 3.5012 1.1631 0.0241 0.0473 0.0788 -3.1194
1555661335.3315 3.4778 1.1736 0.0242 0.0467 0.0779 -3.1153
1555661335.3715 3.4554 1.1832 0.0247 0.0445 0.0641 -3.1087
1555661335.4218 3.4339 1.1918 0.0249 0.0432 0.0595 -3.1016
1555661335.4517 3.4123 1.1998 0.0256 0.0440 0.0565 -3.0992
1555661335.5022 3.3835 1.2119 0.0254 0.0426 0.0522 -3.0896
1555661335.5317 3.3665 1.2184 0.0252 0.0441 0.0635 -3.0834
1555661335.5720 3.3445 1.2264 0.0253 0.0476 0.0679 -3.0740
1555661335.6123 3.3243 1.2345 0.0255 0.0467 0.0614 -3.0668
1555661335.6518 3.3051 1.2427 0.0258 0.0461 0.0552 -3.0568
1555661335.6919 3.2845 1.2500 0.0262 0.0461 0.0501 -3.0473
1555661335.7323 3.2622 1.2576 0.0260 0.0470 0.0536 -3.0397
1555661335.7720 3.2386 1.2653 0.0255 0.0474 0.0611 -3.0288
1555661335.8121 3.2150 1.2720 0.0251 0.0483 0.0645 -3.0197
1555661335.8523 3.1920 1.2790 0.0250 0.0494 0.0626 -3.0143
1555661335.8919 3.1693 1.2865 0.0249 0.0480 0.0590 -3.0061
1555661335.9325 3.1464 1.2937 0.0248 0.0481 0.0590 -2.9974
1555661335.9724 3.1233 1.3009 0.0246 0.0490 0.0603 -2.9906
1555661336.0122 3.1000 1.3081 0.0247 0.0478 0.0583 -2.9821
1555661336.0523 3.0768 1.3152 0.0246 0.0480 0.0588 -2.9732
1555661336.1020 3.0484 1.3239 0.0244 0.0489 0.0606 -2.9621
1555661336.1319 3.0313 1.3293 0.0245 0.0473 0.0561 -2.9545
1555661336.1719 3.0081 1.3362 0.0243 0.0467 0.0554 -2.9446
1555661336.2121 2.9843 1.3430 0.0241 0.0480 0.0616 -2.9331
1555661336.2519 2.9608 1.3502 0.0240 0.0503 0.0671 -2.9198
1555661336.2920 2.9387 1.3578 0.0238 0.0502 0.0655 -2.9065
1555661336.3323 2.9175 1.3653 0.0241 0.0498 0.0617 -2.8929
1555661336.3734 2.8966 1.3725 0.0240 0.0451 0.0575 -2.8772
1555661336.4120 2.8742 1.3795 0.0235 0.0470 0.0565 -2.8614
1555661336.4621 2.8510 1.3868 0.0229 0.0473 0.0623 -2.8456
1555661336.4919 2.8278 1.3932 0.0226 0.0487 0.0711 -2.8287
1555661336.5318 2.8068 1.3987 0.0226 0.0527 0.0751 -2.8135
1555661336.5724 2.7872 1.4045 0.0226 0.0508 0.0682 -2.7977
1555661336.6120 2.7678 1.4104 0.0225 0.0480 0.0551 -2.7781
1555661336.6519 2.7473 1.4156 0.0224 0.0495 0.0566 -2.7647
1555661336.6926 2.7251 1.4206 0.0219 0.0501 0.0658 -2.7474
1555661336.7320 2.7031 1.4261 0.0219 0.0532 0.0729 -2.7269
1555661336.7720 2.6825 1.4317 0.0221 0.0533 0.0672 -2.7099
1555661336.8122 2.6626 1.4373 0.0221 0.0561 0.0600 -2.6915
1555661336.8518 2.6416 1.4429 0.0222 0.0565 0.0559 -2.6707
1555661336.8917 2.6186 1.4481 0.0221 0.0543 0.0556 -2.6526
1555661336.9321 2.5950 1.4532 0.0217 0.0567 0.0602 -2.6356
1555661336.9720 2.5719 1.4584 0.0217 0.0586 0.0641 -2.6180
1555661337.0119 2.5486 1.4637 0.0216 0.0571 0.0564 -2.5999
1555661337.0619 2.5200 1.4695 0.0213 0.0567 0.0549 -2.5795
1555661337.1020 2.5021 1.4724 0.0211 0.0567 0.0546 -2.5647
1555661337.1318 2.4785 1.4765 0.0206 0.0581 0.0571 -2.5486
1555661337.1722 2.4558 1.4802 0.0205 0.0604 0.0635 -2.5336
1555661337.2119 2.4344 1.4837 0.0202 0.0611 0.0621 -2.5158
1555661337.2519 2.4142 1.4876 0.0199 0.0593 0.0581 -2.4963
1555661337.2922 2.3951 1.4913 0.0196 0.0591 0.0542 -2.4781
1555661337.3319 2.3771 1.4944 0.0196 0.0608 0.0539 -2.4588
1555661337.3720 2.3596 1.4972 0.0191 0.0615 0.0568 -2.4384
1555661337.4127 2.3437 1.5000 0.0190 0.0634 0.0613 -2.4197
1555661337.4520 2.3300 1.5031 0.0187 0.0633 0.0585 -2.3997
1555661337.4920 2.3188 1.5060 0.0186 0.0614 0.0545 -2.3775
1555661337.5325 2.3083 1.5089 0.0185 0.0605 0.0497 -2.3542
1555661337.5721 2.2984 1.5113 0.0186 0.0605 0.0486 -2.3338
1555661337.6120 2.2884 1.5129 0.0184 0.0580 0.0493 -2.3097
1555661337.6522 2.2792 1.5138 0.0183 0.0582 0.0506 -2.2857
1555661337.6919 2.2706 1.5147 0.0182 0.0578 0.0502 -2.2655
1555661337.7320 2.2629 1.5153 0.0180 0.0596 0.0498 -2.2425
1555661337.7723 2.2572 1.5161 0.0179 0.0628 0.0532 -2.2180
1555661337.8120 2.2522 1.5181 0.0178 0.0635 0.0524 -2.1935
1555661337.8519 2.2487 1.5208 0.0182 0.0605 0.0476 -2.1716
1555661337.8927 2.2459 1.5240 0.0183 0.0593 0.0463 -2.1461
1555661337.9322 2.2432 1.5282 0.0176 0.0663 0.0472 -2.1160
1555661337.9720 2.2408 1.5336 0.0182 0.0623 0.0457 -2.0921
1555661338.0123 2.2380 1.5406 0.0180 0.0629 0.0429 -2.0655
1555661338.0521 2.2359 1.5475 0.0181 0.0621 0.0422 -2.0371
1555661338.0919 2.2327 1.5559 0.0181 0.0620 0.0383 -2.0092
1555661338.1322 2.2283 1.5649 0.0183 0.0610 0.0365 -1.9845
1555661338.1719 2.2231 1.5737 0.0180 0.0606 0.0344 -1.9566
1555661338.2119 2.2173 1.5821 0.0179 0.0616 0.0377 -1.9289
1555661338.2523 2.2117 1.5902 0.0177 0.0625 0.0374 -1.9023
1555661338.2922 2.2067 1.5979 0.0176 0.0633 0.0375 -1.8748
1555661338.3320 2.2018 1.6052 0.0177 0.0617 0.0372 -1.8466
1555661338.3725 2.1977 1.6122 0.0177 0.0623 0.0342 -1.8228
1555661338.4120 2.1926 1.6183 0.0179 0.0592 0.0283 -1.7979
1555661338.4521 2.1870 1.6227 0.0180 0.0566 0.0267 -1.7746
1555661338.4925 2.1814 1.6248 0.0178 0.0610 0.0289 -1.7529
1555661338.5321 2.1747 1.6254 0.0177 0.0606 0.0312 -1.7296
1555661338.5721 2.1678 1.6250 0.0178 0.0608 0.0305 -1.7079
1555661338.6123 2.1613 1.6234 0.0178 0.0617 0.0310 -1.6867
1555661338.6520 2.1550 1.6212 0.0175 0.0612 0.0325 -1.6621
1555661338.6927 2.1496 1.6187 0.0173 0.0597 0.0325 -1.6365
1555661338.7324 2.1453 1.6166 0.0173 0.0592 0.0318 -1.6105
1555661338.7730 2.1411 1.6148 0.0170 0.0598 0.0287 -1.5815
1555661338.8119 2.1368 1.6131 0.0168 0.0586 0.0241 -1.5507
1555661338.8530 2.1321 1.6108 0.0167 0.0590 0.0203 -1.5213
1555661338.9020 2.1264 1.6075 0.0167 0.0588 0.0189 -1.4907
1555661338.9321 2.1198 1.6028 0.0165 0.0583 0.0203 -1.4612
1555661338.9724 2.1131 1.5982 0.0161 0.0586 0.0236 -1.4318
1555661339.0119 2.1065 1.5937 0.0161 0.0609 0.0197 -1.3994
1555661339.0519 2.0999 1.5892 0.0162 0.0586 0.0189 -1.3725
1555661339.0924 2.0936 1.5847 0.0162 0.0564 0.0152 -1.3441
1555661339.1320 2.0877 1.5797 0.0163 0.0575 0.0194 -1.3192
1555661339.1720 2.0811 1.5750 0.0160 0.0583 0.0188 -1.2858
1555661339.2123 2.0735 1.5705 0.0158 0.0604 0.0177 -1.2596
1555661339.2520 2.0659 1.5671 0.0156 0.0617 0.0188 -1.2319
1555661339.2920 2.0583 1.5648 0.0154 0.0631 0.0196 -1.2017
1555661339.3324 2.0485 1.5636 0.0154 0.0619 0.0139 -1.1723
1555661339.3721 2.0381 1.5623 0.0154 0.0610 0.0125 -1.1439
1555661339.4126 2.0274 1.5614 0.0149 0.0603 0.0109 -1.1105
1555661339.4523 2.0159 1.5604 0.0150 0.0585 0.0101 -1.0804
1555661339.4920 2.0032 1.5590 0.0149 0.0569 0.0081 -1.0516
1555661339.5320 1.9906 1.5572 0.0148 0.0563 0.0094 -1.0240
1555661339.5725 1.9775 1.5546 0.0146 0.0554 0.0100 -0.9950
1555661339.6118 1.9638 1.5508 0.0142 0.0576 0.0080 -0.9659
1555661339.6520 1.9496 1.5462 0.0140 0.0568 0.0075 -0.9388
1555661339.6930 1.9356 1.5411 0.0136 0.0552 0.0058 -0.9112
1555661339.7321 1.9213 1.5356 0.0135 0.0564 0.0047 -0.8807
1555661339.7720 1.9054 1.5298 0.0134 0.0525 0.0031 -0.8535
1555661339.8123 1.8889 1.5229 0.0130 0.0512 -0.0006 -0.8261
1555661339.8519 1.8722 1.5150 0.0129 0.0494 0.0012 -0.7998
1555661339.8921 1.8545 1.5059 0.0124 0.0474 0.0018 -0.7743
1555661339.9325 1.8359 1.4960 0.0120 0.0450 -0.0022 -0.7508
1555661339.9723 1.8179 1.4850 0.0121 0.0407 -0.0074 -0.7275
1555661340.0119 1.7991 1.4730 0.0111 0.0448 -0.0014 -0.7097
1555661340.0523 1.7804 1.4595 0.0106 0.0429 -0.0031 -0.6909
1555661340.0920 1.7612 1.4444 0.0103 0.0441 -0.0001 -0.6754
1555661340.1319 1.7412 1.4289 0.0095 0.0418 -0.0012 -0.6613
1555661340.1724 1.7209 1.4134 0.0090 0.0408 0.0029 -0.6483
1555661340.2119 1.7004 1.3985 0.0088 0.0385 0.0020 -0.6345
1555661340.2520 1.6774 1.3820 0.0084 0.0392 -0.0064 -0.6228
1555661340.2927 1.6541 1.3629 0.0081 0.0356 -0.0148 -0.6140
1555661340.3322 1.6330 1.3426 0.0075 0.0356 -0.0081 -0.6065
1555661340.3721 1.6127 1.3216 0.0068 0.0382 0.0010 -0.5951
1555661340.4124 1.5908 1.3002 0.0069 0.0373 0.0057 -0.5859
1555661340.4622 1.5672 1.2796 0.0068 0.0320 -0.0006 -0.5824
1555661340.4919 1.5443 1.2596 0.0066 0.0340 -0.0113 -0.5739
1555661340.5323 1.5219 1.2378 0.0054 0.0380 -0.0120 -0.5680
1555661340.5719 1.5008 1.2140 0.0050 0.0408 -0.0024 -0.5640
1555661340.6121 1.4800 1.1909 0.0045 0.0409 0.0047 -0.5564
1555661340.6530 1.4587 1.1684 0.0040 0.0428 0.0035 -0.5501
1555661340.6920 1.4369 1.1457 0.0037 0.0368 -0.0052 -0.5463
1555661340.7326 1.4167 1.1227 0.0034 0.0399 -0.0069 -0.5406
1555661340.7724 1.3962 1.0990 0.0028 0.0358 0.0015 -0.5334
1555661340.8120 1.3759 1.0750 0.0027 0.0373 0.0084 -0.5289
1555661340.8527 1.3543 1.0523 0.0025 0.0408 0.0012 -0.5248
1555661340.8925 1.3314 1.0300 0.0019 0.0362 -0.0076 -0.5170
1555661340.9319 1.3090 1.0078 0.0023 0.0377 -0.0121 -0.5122
1555661340.9720 1.2864 0.9859 0.0032 0.0314 -0.0096 -0.5102
1555661341.0223 1.2603 0.9598 0.0032 0.0303 -0.0189 -0.4994
1555661341.0519 1.2458 0.9440 0.0035 0.0269 -0.0208 -0.4931
1555661341.0919 1.2263 0.9220 0.0036 0.0273 -0.0175 -0.4847
1555661341.1323 1.2062 0.9003 0.0035 0.0270 -0.0108 -0.4747
1555661341.1721 1.1851 0.8805 0.0033 0.0285 -0.0086 -0.4668
1555661341.2223 1.1581 0.8566 0.0035 0.0231 -0.0167 -0.4558
1555661341.2522 1.1414 0.8422 0.0033 0.0213 -0.0215 -0.4468
1555661341.2919 1.1203 0.8220 0.0032 0.0210 -0.0184 -0.4368
1555661341.3318 1.0992 0.8016 0.0033 0.0208 -0.0078 -0.4236
1555661341.3723 1.0765 0.7822 0.0023 0.0199 -0.0037 -0.4109
1555661341.4119 1.0537 0.7641 0.0031 0.0144 -0.0133 -0.3997
1555661341.4519 1.0307 0.7462 0.0024 0.0107 -0.0225 -0.3879
1555661341.4923 1.0091 0.7275 0.0033 0.0100 -0.0209 -0.3766
1555661341.5320 0.9886 0.7069 0.0022 0.0069 -0.0197 -0.3676
1555661341.5726 0.9690 0.6883 0.0022 0.0087 -0.0091 -0.3563
1555661341.6124 0.9487 0.6698 0.0010 0.0070 -0.0113 -0.3455
1555661341.6519 0.9269 0.6507 0.0011 0.0055 -0.0160 -0.3359
1555661341.6919 0.9052 0.6316 0.0008 0.0025 -0.0209 -0.3266
1555661341.7322 0.8852 0.6132 0.0004 0.0025 -0.0214 -0.3160
1555661341.7721 0.8660 0.5945 -0.0002 0.0025 -0.0158 -0.3061
1555661341.8137 0.8463 0.5749 -0.0007 0.0015 -0.0142 -0.2955
1555661341.8527 0.8266 0.5556 -0.0008 -0.0013 -0.0171 -0.2874
1555661341.9020 0.8070 0.5372 -0.0006 -0.0014 -0.0181 -0.2799
1555661341.9319 0.7884 0.5187 -0.0011 -0.0047 -0.0192 -0.2713
1555661341.9725 0.7699 0.5002 -0.0012 -0.0059 -0.0135 -0.2627
1555661342.0120 0.7512 0.4831 -0.0015 -0.0070 -0.0119 -0.2548
1555661342.0528 0.7318 0.4662 -0.0016 -0.0074 -0.0170 -0.2454
1555661342.0925 0.7123 0.4484 -0.0014 -0.0111 -0.0210 -0.2385
1555661342.1320 0.6940 0.4315 -0.0015 -0.0101 -0.0188 -0.2296
1555661342.1720 0.6755 0.4150 -0.0016 -0.0072 -0.0112 -0.2195
1555661342.2123 0.6562 0.3980 -0.0013 -0.0082 -0.0138 -0.2122
1555661342.2520 0.6366 0.3821 -0.0011 -0.0106 -0.0211 -0.2040
1555661342.2921 0.6178 0.3676 -0.0009 -0.0104 -0.0243 -0.1926
1555661342.3324 0.6002 0.3524 -0.0009 -0.0105 -0.0224 -0.1837
1555661342.3721 0.5831 0.3368 -0.0012 -0.0110 -0.0159 -0.1748
1555661342.4121 0.5653 0.3224 -0.0011 -0.0108 -0.0136 -0.1644
1555661342.4522 0.5459 0.3090 0.0003 -0.0091 -0.0263 -0.1554
1555661342.4922 0.5274 0.2950 0.0013 -0.0180 -0.0338 -0.1510
1555661342.5321 0.5123 0.2812 -0.0007 0.0002 -0.0304 -0.1441
1555661342.5724 0.4985 0.2673 -0.0008 0.0039 -0.0213 -0.1370
1555661342.6119 0.4853 0.2539 -0.0005 0.0056 -0.0169 -0.1300
1555661342.6520 0.4703 0.2412 0.0007 -0.0018 -0.0204 -0.1303
1555661342.6923 0.4554 0.2296 0.0005 0.0035 -0.0251 -0.1230
1555661342.7320 0.4418 0.2186 0.0010 0.0022 -0.0275 -0.1189
1555661342.7720 0.4305 0.2082 0.0015 0.0032 -0.0252 -0.1159
1555661342.8125 0.4197 0.1973 0.0017 0.0082 -0.0186 -0.1089
1555661342.8521 0.4081 0.1873 0.0020 0.0065 -0.0136 -0.1043
1555661342.8921 0.3958 0.1785 0.0009 0.0076 -0.0142 -0.1037
1555661342.9325 0.3833 0.1700 0.0013 0.0076 -0.0166 -0.0984
1555661342.9721 0.3721 0.1610 0.0027 0.0066 -0.0237 -0.0876
1555661343.0121 0.3615 0.1533 0.0031 0.0082 -0.0179 -0.0899
1555661343.0523 0.3511 0.1455 0.0034 0.0084 -0.0149 -0.0837
1555661343.0921 0.3401 0.1376 0.0034 0.0070 -0.0152 -0.0822
1555661343.1330 0.3282 0.1302 0.0039 0.0074 -0.0175 -0.0781
1555661343.1722 0.3160 0.1228 0.0031 0.0112 -0.0200 -0.0731
1555661343.2119 0.3047 0.1157 0.0029 0.0077 -0.0155 -0.0714
1555661343.2519 0.2942 0.1089 0.0040 -0.0003 -0.0155 -0.0625
1555661343.2921 0.2824 0.1034 0.0051 -0.0098 -0.0136 -0.0671
1555661343.3421 0.2726 0.0964 0.0042 -0.0012 -0.0138 -0.0550
1555661343.3720 0.2613 0.0908 0.0040 0.0087 -0.0210 -0.0568
1555661343.4122 0.2517 0.0851 0.0041 -0.0027 -0.0131 -0.0515
1555661343.4519 0.2423 0.0793 0.0042 0.0061 -0.0168 -0.0484
1555661343.5023 0.2304 0.0725 0.0041 0.0061 -0.0162 -0.0447
1555661343.5322 0.2231 0.0688 0.0042 0.0061 -0.0173 -0.0434
1555661343.5720 0.2134 0.0644 0.0043 0.0058 -0.0177 -0.0419
1555661343.6120 0.2042 0.0602 0.0042 0.0051 -0.0182 -0.0388
1555661343.6523 0.1952 0.0558 0.0038 0.0090 -0.0171 -0.0385
1555661343.6919 0.1863 0.0518 0.0033 0.0127 -0.0134 -0.0374
1555661343.7321 0.1775 0.0483 0.0033 0.0124 -0.0143 -0.0357
1555661343.7726 0.1692 0.0439 0.0024 0.0045 -0.0065 -0.0298
1555661343.8119 0.1606 0.0406 0.0024 0.0065 -0.0082 -0.0276
1555661343.8518 0.1525 0.0373 0.0024 0.0059 -0.0086 -0.0255
1555661343.8923 0.1447 0.0345 0.0022 0.0038 -0.0056 -0.0264
1555661343.9318 0.1367 0.0323 0.0025 0.0060 -0.0074 -0.0244
1555661343.9720 0.1289 0.0301 0.0025 0.0060 -0.0081 -0.0230
1555661344.0122 0.1214 0.0287 0.0024 0.0066 -0.0087 -0.0230
1555661344.0520 0.1145 0.0276 0.0025 0.0058 -0.0091 -0.0227
1555661344.0919 0.1086 0.0268 0.0022 0.0034 -0.0061 -0.0231
1555661344.1322 0.1033 0.0267 0.0021 0.0043 -0.0067 -0.0234
1555661344.1721 0.0989 0.0264 0.0023 0.0055 -0.0089 -0.0220
1555661344.2224 0.0954 0.0261 0.0021 0.0031 -0.0067 -0.0221
1555661344.2523 0.0928 0.0262 0.0020 0.0041 -0.0067 -0.0232
1555661344.2923 0.0905 0.0261 0.0021 0.0043 -0.0051 -0.0236
1555661344.3318 0.0878 0.0261 0.0046 -0.0188 -0.0078 -0.0276
1555661344.3724 0.0853 0.0266 0.0028 0.0106 -0.0131 -0.0261
1555661344.4121 0.0819 0.0259 0.0021 0.0046 -0.0046 -0.0264
1555661344.4521 0.0779 0.0253 0.0021 0.0037 -0.0047 -0.0264
1555661344.4922 0.0735 0.0247 0.0021 0.0042 -0.0057 -0.0263
1555661344.5320 0.0688 0.0244 0.0052 -0.0140 -0.0166 -0.0277
1555661344.5723 0.0642 0.0242 0.0052 -0.0144 -0.0156 -0.0284
1555661344.6123 0.0594 0.0246 0.0028 0.0113 -0.0133 -0.0276
1555661344.6520 0.0550 0.0247 0.0025 0.0078 -0.0095 -0.0304
1555661344.6918 0.0507 0.0246 0.0023 0.0092 -0.0094 -0.0300
1555661344.7323 0.0466 0.0244 0.0023 0.0093 -0.0070 -0.0301
1555661344.7721 0.0422 0.0243 0.0022 0.0099 -0.0073 -0.0293
1555661344.8020 0.0389 0.0244 0.0021 0.0096 -0.0081 -0.0298
1555661344.8523 0.0337 0.0248 0.0022 0.0091 -0.0096 -0.0304
1555661344.8918 0.0304 0.0250 0.0020 0.0099 -0.0097 -0.0303
1555661344.9321 0.0273 0.0256 0.0025 0.0137 -0.0104 -0.0356
1555661344.9722 0.0249 0.0245 0.0025 0.0136 -0.0105 -0.0360
