1556101076.4524 0.0000 -0.0000 0.0000 -0.0000 -0.0000 -0.0000
1556101076.4937 -0.0003 -0.0001 0.0004 -0.0004 -0.0004 -0.0000
1556101076.5435 -0.0002 -0.0002 -0.0006 -0.0006 -0.0003 -0.0002
1556101076.5868 -0.0002 0.0001 -0.0006 -0.0012 -0.0006 0.0001
1556101076.6250 0.0000 0.0002 -0.0001 -0.0014 -0.0010 0.0010
1556101076.6857 -0.0004 -0.0002 -0.0003 -0.0005 -0.0027 -0.0002
1556101076.7604 -0.0004 0.0002 -0.0007 -0.0024 -0.0017 0.0006
1556101076.8119 0.0005 -0.0010 0.0005 -0.0019 -0.0018 -0.0001
1556101076.8913 0.0001 -0.0006 -0.0005 -0.0042 -0.0027 0.0005
1556101076.9547 0.0019 -0.0018 -0.0015 -0.0030 -0.0005 0.0007
1556101077.0252 0.0054 -0.0039 -0.0004 -0.0018 -0.0004 -0.0007
1556101077.0905 0.0082 -0.0039 -0.0034 -0.0044 0.0036 -0.0011
1556101077.1637 0.0146 -0.0053 -0.0019 -0.0038 0.0100 0.0015
1556101077.2153 0.0194 -0.0070 -0.0004 -0.0017 0.0098 0.0026
1556101077.3164 0.0222 -0.0081 -0.0045 -0.0042 0.0101 0.0042
1556101077.3739 0.0318 -0.0115 -0.0010 -0.0010 0.0178 0.0015
1556101077.4289 0.0388 -0.0140 -0.0007 -0.0016 0.0211 -0.0027
1556101077.4958 0.0442 -0.0158 -0.0001 -0.0035 0.0195 -0.0076
1556101077.6257 0.0486 -0.0195 0.0009 -0.0024 0.0220 -0.0139
1556101077.6786 0.0542 -0.0235 0.0009 -0.0047 0.0203 -0.0181
1556101077.7263 0.0611 -0.0308 0.0005 -0.0020 0.0165 -0.0261
1556101077.8225 0.0698 -0.0394 0.0024 0.0030 0.0103 -0.0385
1556101077.8761 0.0794 -0.0476 0.0029 0.0191 -0.0104 -0.0591
1556101077.9737 0.0878 -0.0555 0.0086 0.0316 -0.0002 -0.0807
1556101078.0640 0.0970 -0.0534 -0.0049 0.0183 0.0685 -0.0934
1556101078.1142 0.1010 -0.0449 -0.0221 -0.0225 0.1597 -0.0897
1556101078.1752 0.1064 -0.0406 -0.0214 -0.0224 0.1743 -0.0912
1556101078.2259 0.1058 -0.0393 -0.0190 -0.0445 0.1842 -0.0815
1556101078.2691 0.1036 -0.0393 -0.0189 -0.0525 0.1631 -0.0749
1556101078.3305 0.1024 -0.0432 -0.0158 -0.0304 0.1344 -0.0807
1556101078.3885 0.0992 -0.0427 -0.0162 -0.0331 0.1478 -0.0804
1556101078.4968 0.0984 -0.0408 -0.0163 -0.0198 0.1479 -0.0846
1556101078.5482 0.0991 -0.0414 -0.0144 -0.0043 0.1284 -0.0881
1556101078.5896 0.0992 -0.0434 -0.0129 0.0046 0.1106 -0.0909
1556101078.7052 0.0994 -0.0450 -0.0133 0.0090 0.1171 -0.0934
1556101078.7537 0.0991 -0.0446 -0.0137 0.0115 0.1200 -0.0944
1556101078.8053 0.0989 -0.0448 -0.0127 0.0133 0.1069 -0.0939
1556101078.8577 0.0999 -0.0455 -0.0115 0.0225 0.0963 -0.0967
1556101078.9209 0.0999 -0.0465 -0.0110 0.0230 0.0933 -0.0972
1556101078.9832 0.0995 -0.0467 -0.0105 0.0254 0.0909 -0.0985
1556101079.0527 0.0988 -0.0459 -0.0108 0.0287 0.0956 -0.0993
1556101079.1144 0.0989 -0.0440 -0.0115 0.0264 0.0909 -0.0970
1556101079.1885 0.1010 -0.0443 -0.0102 0.0307 0.0759 -0.0968
1556101079.2568 0.1024 -0.0456 -0.0087 0.0308 0.0654 -0.0964
1556101079.3091 0.1029 -0.0461 -0.0096 0.0309 0.0755 -0.0974
1556101079.4280 0.1032 -0.0473 -0.0085 0.0370 0.0694 -0.0999
1556101079.4723 0.1017 -0.0479 -0.0073 0.0326 0.0504 -0.1023
1556101079.5647 0.1005 -0.0427 -0.0132 0.0190 0.1026 -0.1017
1556101079.6153 0.1004 -0.0459 -0.0021 0.0465 0.0796 -0.1068
1556101079.6596 0.0939 -0.0479 -0.0045 0.0460 0.0549 -0.1032
1556101079.7445 0.0942 -0.0504 -0.0106 0.0399 0.0530 -0.1024
1556101079.7895 0.0993 -0.0482 -0.0074 0.0509 0.0651 -0.1063
1556101079.8499 0.0997 -0.0479 -0.0065 0.0496 0.0537 -0.1046
1556101079.9874 0.0995 -0.0494 -0.0087 0.0444 0.0507 -0.1028
1556101080.0589 0.1010 -0.0509 -0.0054 0.0500 0.0505 -0.1058
1556101080.1201 0.0991 -0.0501 -0.0063 0.0459 0.0516 -0.1039
1556101080.1550 0.0983 -0.0502 -0.0084 0.0407 0.0489 -0.1010
1556101080.1917 0.1005 -0.0513 -0.0073 0.0420 0.0513 -0.1022
1556101080.2300 0.1003 -0.0506 -0.0065 0.0420 0.0519 -0.1022
1556101080.3982 0.0991 -0.0511 -0.0071 0.0390 0.0498 -0.1011
1556101080.4257 0.0993 -0.0514 -0.0065 0.0393 0.0500 -0.1010
1556101080.4516 0.0990 -0.0508 -0.0066 0.0382 0.0504 -0.1010
1556101080.5016 0.0988 -0.0503 -0.0069 0.0375 0.0518 -0.1002
1556101080.6361 0.0992 -0.0514 -0.0063 0.0389 0.0489 -0.1006
1556101080.6911 0.0987 -0.0512 -0.0067 0.0378 0.0496 -0.1004
1556101080.7379 0.0990 -0.0516 -0.0062 0.0384 0.0498 -0.1006
1556101080.8021 0.0988 -0.0513 -0.0067 0.0377 0.0498 -0.1004
1556101080.8801 0.0989 -0.0509 -0.0065 0.0381 0.0506 -0.1003
1556101080.9391 0.0990 -0.0515 -0.0060 0.0399 0.0484 -0.1009
1556101081.0039 0.0986 -0.0510 -0.0077 0.0382 0.0497 -0.1007
1556101081.1541 0.1015 -0.0542 -0.0058 0.0433 0.0459 -0.1044
1556101081.2071 0.1017 -0.0508 -0.0083 0.0398 0.0541 -0.1041
1556101081.2485 0.1069 -0.0548 -0.0083 0.0432 0.0507 -0.1047
1556101081.3303 0.1144 -0.0610 -0.0060 0.0493 0.0426 -0.1102
1556101081.3877 0.1225 -0.0647 -0.0058 0.0523 0.0411 -0.1222
1556101081.4975 0.1324 -0.0672 -0.0083 0.0522 0.0461 -0.1339
1556101081.5386 0.1449 -0.0735 -0.0093 0.0538 0.0416 -0.1466
1556101081.6260 0.1613 -0.0790 -0.0103 0.0557 0.0458 -0.1601
1556101081.6764 0.1802 -0.0833 -0.0123 0.0505 0.0527 -0.1704
1556101081.7767 0.1940 -0.0858 -0.0112 0.0485 0.0597 -0.1776
1556101081.8267 0.2092 -0.0886 -0.0136 0.0405 0.0666 -0.1777
1556101081.8632 0.2222 -0.0881 -0.0176 0.0316 0.0753 -0.1738
1556101081.9296 0.2377 -0.0907 -0.0162 0.0359 0.0753 -0.1678
1556101082.0143 0.2521 -0.0976 -0.0121 0.0328 0.0585 -0.1563
1556101082.0648 0.2665 -0.1084 -0.0130 0.0328 0.0449 -0.1450
1556101082.1326 0.2844 -0.1229 -0.0043 0.0432 0.0207 -0.1433
1556101082.2208 0.3027 -0.1348 -0.0001 0.0444 0.0112 -0.1420
1556101082.2605 0.3217 -0.1469 0.0012 0.0450 0.0120 -0.1419
1556101082.3442 0.3406 -0.1540 -0.0023 0.0414 0.0238 -0.1396
1556101082.3830 0.3592 -0.1620 -0.0039 0.0397 0.0272 -0.1373
1556101082.4970 0.3779 -0.1731 0.0010 0.0421 0.0196 -0.1369
1556101082.5431 0.3956 -0.1819 -0.0048 0.0386 0.0246 -0.1358
1556101082.5858 0.4154 -0.1909 -0.0082 0.0407 0.0278 -0.1374
1556101082.6507 0.4370 -0.2006 -0.0058 0.0435 0.0291 -0.1387
1556101082.7915 0.4566 -0.2102 -0.0049 0.0419 0.0263 -0.1393
1556101082.8342 0.4761 -0.2183 -0.0082 0.0375 0.0275 -0.1375
1556101082.8692 0.5003 -0.2289 -0.0115 0.0425 0.0301 -0.1387
1556101082.9121 0.5243 -0.2364 -0.0147 0.0431 0.0339 -0.1375
1556101083.0214 0.5472 -0.2468 -0.0134 0.0445 0.0332 -0.1345
1556101083.0667 0.5689 -0.2612 -0.0081 0.0473 0.0273 -0.1310
1556101083.1595 0.5867 -0.2624 -0.0236 0.0405 0.0301 -0.1237
1556101083.2110 0.6132 -0.2762 -0.0182 0.0434 0.0409 -0.1122
1556101083.2670 0.6318 -0.2882 -0.0014 0.0576 0.0123 -0.1038
1556101083.4161 0.6455 -0.2890 -0.0205 0.0457 0.0251 -0.0839
1556101083.4898 0.6677 -0.2986 -0.0286 0.0467 0.0389 -0.0620
1556101083.5549 0.6933 -0.3166 -0.0263 0.0459 0.0434 -0.0368
1556101083.6171 0.7104 -0.3322 -0.0277 0.0484 0.0400 -0.0148
1556101083.6630 0.7339 -0.3482 -0.0282 0.0505 0.0460 0.0089
1556101083.7165 0.7575 -0.3684 -0.0261 0.0526 0.0562 0.0313
1556101083.7571 0.7786 -0.3862 -0.0263 0.0560 0.0545 0.0509
1556101083.8095 0.8000 -0.4015 -0.0247 0.0532 0.0559 0.0722
1556101083.8594 0.8192 -0.4239 -0.0217 0.0539 0.0619 0.0908
1556101084.0321 0.8376 -0.4447 -0.0264 0.0574 0.0481 0.1059
1556101084.0816 0.8613 -0.4605 -0.0367 0.0572 0.0567 0.1198
1556101084.1426 0.8929 -0.4855 -0.0277 0.0464 0.0671 0.1391
1556101084.1751 0.9186 -0.5048 -0.0303 0.0476 0.0582 0.1475
1556101084.2324 0.9463 -0.5288 -0.0281 0.0424 0.0585 0.1612
1556101084.2734 0.9733 -0.5485 -0.0222 0.0398 0.0573 0.1711
1556101084.3563 0.9959 -0.5690 -0.0287 0.0462 0.0409 0.1773
1556101084.3848 1.0199 -0.5911 -0.0285 0.0501 0.0451 0.1865
1556101084.4635 1.0455 -0.6130 -0.0193 0.0464 0.0402 0.2009
1556101084.6170 1.0625 -0.6337 -0.0246 0.0544 0.0283 0.2117
1556101084.6531 1.0798 -0.6504 -0.0274 0.0573 0.0186 0.2280
1556101084.7072 1.1037 -0.6738 -0.0248 0.0501 0.0291 0.2528
1556101084.7409 1.1240 -0.6924 -0.0267 0.0461 0.0261 0.2765
1556101084.8114 1.1499 -0.7134 -0.0247 0.0392 0.0410 0.3033
1556101084.8590 1.1737 -0.7372 -0.0209 0.0333 0.0448 0.3294
1556101084.9357 1.1931 -0.7610 -0.0257 0.0373 0.0422 0.3512
1556101084.9898 1.2182 -0.7831 -0.0246 0.0374 0.0428 0.3742
1556101085.0656 1.2414 -0.8077 -0.0247 0.0389 0.0434 0.3957
1556101085.1561 1.2656 -0.8302 -0.0272 0.0436 0.0396 0.4158
1556101085.2439 1.3045 -0.8703 -0.0256 0.0424 0.0411 0.4480
1556101085.3576 1.3237 -0.8960 -0.0292 0.0429 0.0329 0.4657
1556101085.3911 1.3521 -0.9185 -0.0263 0.0395 0.0394 0.4840
1556101085.4603 1.3821 -0.9459 -0.0200 0.0348 0.0413 0.5024
1556101085.4935 1.4050 -0.9689 -0.0181 0.0329 0.0331 0.5171
1556101085.6871 1.4325 -0.9981 -0.0207 0.0357 0.0360 0.5335
1556101085.7240 1.4595 -1.0242 -0.0239 0.0349 0.0358 0.5478
1556101085.7826 1.4874 -1.0471 -0.0230 0.0355 0.0370 0.5643
1556101085.8149 1.5150 -1.0725 -0.0219 0.0333 0.0374 0.5818
1556101085.8699 1.5401 -1.0983 -0.0212 0.0318 0.0341 0.6014
1556101085.9095 1.5685 -1.1226 -0.0200 0.0305 0.0362 0.6222
1556101085.9845 1.5971 -1.1486 -0.0206 0.0290 0.0372 0.6426
1556101086.0298 1.6263 -1.1710 -0.0202 0.0289 0.0380 0.6639
1556101086.1147 1.6556 -1.1936 -0.0175 0.0286 0.0392 0.6858
1556101086.1695 1.6828 -1.2174 -0.0215 0.0276 0.0375 0.7072
1556101086.2456 1.7148 -1.2401 -0.0237 0.0268 0.0422 0.7290
1556101086.2836 1.7491 -1.2589 -0.0250 0.0240 0.0440 0.7493
1556101086.3951 1.7818 -1.2768 -0.0304 0.0248 0.0485 0.7689
1556101086.4337 1.8219 -1.2901 -0.0289 0.0238 0.0568 0.7871
1556101086.5222 1.8563 -1.3056 -0.0241 0.0220 0.0531 0.8043
1556101086.5645 1.8864 -1.3234 -0.0260 0.0230 0.0471 0.8189
1556101086.6440 1.9195 -1.3394 -0.0268 0.0244 0.0440 0.8349
1556101086.6993 1.9516 -1.3523 -0.0309 0.0254 0.0421 0.8512
1556101086.7828 1.9883 -1.3624 -0.0291 0.0247 0.0440 0.8715
1556101086.8337 2.0229 -1.3734 -0.0261 0.0238 0.0412 0.8935
1556101086.9250 2.0551 -1.3873 -0.0297 0.0228 0.0375 0.9158
1556101086.9741 2.0890 -1.3988 -0.0298 0.0227 0.0391 0.9393
1556101087.0476 2.1253 -1.4096 -0.0298 0.0231 0.0395 0.9635
1556101087.0983 2.1635 -1.4187 -0.0277 0.0208 0.0412 0.9877
1556101087.2049 2.1963 -1.4261 -0.0333 0.0236 0.0414 1.0107
1556101087.2512 2.2387 -1.4304 -0.0306 0.0242 0.0500 1.0330
1556101087.3264 2.2692 -1.4333 -0.0267 0.0250 0.0476 1.0567
1556101087.3605 2.3043 -1.4355 -0.0224 0.0264 0.0461 1.0809
1556101087.4513 2.3361 -1.4398 -0.0200 0.0257 0.0411 1.1073
1556101087.5173 2.3637 -1.4472 -0.0269 0.0267 0.0365 1.1327
1556101087.6021 2.4045 -1.4445 -0.0193 0.0265 0.0450 1.1575
1556101087.6436 2.4375 -1.4496 -0.0226 0.0270 0.0418 1.1793
1556101087.7275 2.4685 -1.4491 -0.0318 0.0288 0.0456 1.2006
1556101087.7720 2.5071 -1.4459 -0.0248 0.0329 0.0577 1.2221
1556101087.8718 2.5374 -1.4424 -0.0141 0.0316 0.0521 1.2467
1556101087.9407 2.5734 -1.4465 -0.0067 0.0312 0.0418 1.2741
1556101088.0138 2.6025 -1.4538 -0.0109 0.0312 0.0334 1.3000
1556101088.0866 2.6307 -1.4604 -0.0210 0.0300 0.0352 1.3273
1556101088.1534 2.6701 -1.4599 -0.0180 0.0359 0.0498 1.3582
1556101088.1876 2.7076 -1.4573 -0.0091 0.0306 0.0406 1.3863
1556101088.2553 2.7446 -1.4621 -0.0185 0.0332 0.0393 1.4156
1556101088.2965 2.7845 -1.4606 -0.0176 0.0326 0.0425 1.4424
1556101088.4141 2.8259 -1.4562 -0.0100 0.0340 0.0453 1.4711
1556101088.4498 2.8603 -1.4575 -0.0126 0.0319 0.0408 1.4942
1556101088.5007 2.8994 -1.4528 -0.0163 0.0314 0.0445 1.5209
1556101088.5864 2.9363 -1.4464 -0.0098 0.0310 0.0443 1.5453
1556101088.6496 2.9773 -1.4426 -0.0124 0.0325 0.0420 1.5705
1556101088.6893 3.0168 -1.4380 -0.0083 0.0311 0.0397 1.5942
1556101088.8107 3.0595 -1.4321 -0.0127 0.0345 0.0361 1.6197
1556101088.8524 3.0956 -1.4247 -0.0127 0.0308 0.0382 1.6419
1556101088.8972 3.1331 -1.4141 -0.0112 0.0328 0.0409 1.6676
1556101088.9551 3.1706 -1.4037 -0.0125 0.0331 0.0439 1.6924
1556101089.0493 3.2158 -1.3935 -0.0021 0.0348 0.0454 1.7224
1556101089.1112 3.2532 -1.3871 -0.0009 0.0340 0.0363 1.7529
1556101089.1770 3.2948 -1.3802 -0.0025 0.0319 0.0336 1.7861
1556101089.2394 3.3337 -1.3684 -0.0004 0.0296 0.0367 1.8202
1556101089.3153 3.3758 -1.3581 -0.0037 0.0298 0.0374 1.8527
1556101089.3834 3.4177 -1.3404 -0.0047 0.0304 0.0439 1.8835
1556101089.4470 3.4589 -1.3257 0.0038 0.0315 0.0441 1.9107
1556101089.5315 3.4980 -1.3149 -0.0005 0.0308 0.0368 1.9379
1556101089.5888 3.5351 -1.2986 -0.0018 0.0337 0.0390 1.9627
1556101089.6327 3.5704 -1.2849 -0.0040 0.0345 0.0390 1.9876
1556101089.7169 3.6075 -1.2663 -0.0060 0.0351 0.0404 2.0118
1556101089.7696 3.6403 -1.2489 -0.0025 0.0353 0.0404 2.0354
1556101089.8610 3.6804 -1.2297 -0.0002 0.0366 0.0371 2.0594
1556101089.9076 3.7139 -1.2128 -0.0059 0.0358 0.0372 2.0820
1556101090.0692 3.7544 -1.1895 -0.0056 0.0388 0.0405 2.1063
1556101090.1104 3.7881 -1.1674 -0.0009 0.0359 0.0384 2.1308
1556101090.1685 3.8256 -1.1457 0.0000 0.0360 0.0368 2.1553
1556101090.2144 3.8576 -1.1248 -0.0075 0.0344 0.0385 2.1804
1556101090.2949 3.8936 -1.0986 0.0009 0.0391 0.0434 2.2080
1556101090.3507 3.9278 -1.0753 0.0018 0.0371 0.0349 2.2337
1556101090.4039 3.9637 -1.0512 -0.0057 0.0352 0.0334 2.2612
1556101090.4745 3.9938 -1.0187 -0.0037 0.0362 0.0406 2.2879
1556101090.5286 4.0269 -0.9879 0.0017 0.0385 0.0408 2.3128
1556101090.6055 4.0592 -0.9601 -0.0034 0.0374 0.0357 2.3355
1556101090.6414 4.0868 -0.9284 -0.0025 0.0382 0.0396 2.3562
1556101090.7187 4.1104 -0.8947 0.0040 0.0378 0.0395 2.3763
1556101090.7644 4.1325 -0.8657 0.0029 0.0370 0.0364 2.3922
1556101090.9150 4.1519 -0.8325 0.0021 0.0374 0.0360 2.4095
1556101090.9473 4.1713 -0.7972 0.0041 0.0402 0.0388 2.4261
1556101091.0028 4.1905 -0.7589 0.0056 0.0404 0.0386 2.4425
1556101091.0382 4.2076 -0.7227 0.0053 0.0412 0.0369 2.4599
1556101091.1248 4.2252 -0.6830 0.0036 0.0418 0.0378 2.4763
1556101091.1661 4.2405 -0.6435 0.0030 0.0428 0.0380 2.4936
1556101091.3369 4.2561 -0.6012 0.0043 0.0433 0.0358 2.5107
1556101091.3942 4.2704 -0.5612 0.0008 0.0427 0.0361 2.5281
1556101091.4483 4.2799 -0.5184 0.0024 0.0440 0.0398 2.5454
1556101091.4947 4.2907 -0.4756 0.0076 0.0459 0.0375 2.5629
1556101091.5597 4.3029 -0.4407 0.0012 0.0450 0.0322 2.5813
1556101091.6073 4.3165 -0.3930 0.0079 0.0452 0.0322 2.6031
1556101091.6680 4.3225 -0.3611 0.0062 0.0430 0.0287 2.6240
1556101091.7138 4.3304 -0.3258 0.0007 0.0434 0.0313 2.6445
1556101091.8042 4.3353 -0.2891 0.0026 0.0437 0.0336 2.6666
1556101091.8474 4.3435 -0.2498 0.0033 0.0432 0.0325 2.6864
1556101091.9375 4.3469 -0.2178 -0.0004 0.0419 0.0356 2.7060
1556101091.9862 4.3496 -0.1806 0.0049 0.0450 0.0386 2.7233
1556101092.0764 4.3543 -0.1424 0.0091 0.0429 0.0332 2.7401
1556101092.1290 4.3552 -0.1113 0.0031 0.0419 0.0323 2.7561
1556101092.2067 4.3547 -0.0691 0.0055 0.0443 0.0379 2.7717
1556101092.2503 4.3557 -0.0294 0.0076 0.0442 0.0346 2.7858
1556101092.3384 4.3567 0.0066 0.0036 0.0440 0.0335 2.7988
1556101092.3821 4.3551 0.0442 0.0020 0.0440 0.0358 2.8097
1556101092.4832 4.3535 0.0827 0.0045 0.0422 0.0331 2.8218
1556101092.5261 4.3511 0.1185 0.0020 0.0424 0.0308 2.8330
1556101092.6111 4.3500 0.1576 0.0051 0.0417 0.0287 2.8438
1556101092.6581 4.3497 0.1903 0.0043 0.0407 0.0253 2.8537
1556101092.7513 4.3458 0.2232 -0.0009 0.0402 0.0279 2.8646
1556101092.7951 4.3398 0.2629 0.0027 0.0416 0.0323 2.8758
1556101092.8420 4.3336 0.2953 0.0065 0.0395 0.0274 2.8855
1556101092.9612 4.3278 0.3216 0.0020 0.0400 0.0266 2.8963
1556101093.0021 4.3201 0.3540 0.0033 0.0406 0.0288 2.9078
1556101093.0464 4.3134 0.3796 0.0034 0.0398 0.0267 2.9214
1556101093.1569 4.3075 0.4098 0.0032 0.0391 0.0252 2.9346
1556101093.1981 4.3010 0.4391 0.0020 0.0395 0.0264 2.9481
1556101093.2893 4.2927 0.4653 0.0011 0.0402 0.0314 2.9609
1556101093.3419 4.2881 0.4931 0.0053 0.0415 0.0313 2.9749
1556101093.4261 4.2870 0.5179 0.0038 0.0399 0.0258 2.9906
1556101093.4661 4.2826 0.5473 0.0043 0.0407 0.0265 3.0050
1556101093.5648 4.2747 0.5696 0.0070 0.0397 0.0256 3.0200
1556101093.6064 4.2682 0.5932 0.0071 0.0392 0.0232 3.0321
1556101093.6840 4.2611 0.6146 0.0035 0.0399 0.0243 3.0435
1556101093.7301 4.2521 0.6373 0.0042 0.0411 0.0268 3.0531
1556101093.7765 4.2444 0.6584 0.0047 0.0409 0.0270 3.0603
1556101093.8796 4.2361 0.6776 0.0038 0.0412 0.0276 3.0675
1556101093.9223 4.2270 0.6967 0.0021 0.0426 0.0320 3.0713
1556101093.9762 4.2177 0.7192 0.0014 0.0446 0.0358 3.0741
1556101094.0494 4.2054 0.7363 0.0007 0.0446 0.0386 3.0780
1556101094.1497 4.1927 0.7515 -0.0011 0.0451 0.0402 3.0839
1556101094.1991 4.1787 0.7695 -0.0029 0.0470 0.0451 3.0878
1556101094.2472 4.1659 0.7873 -0.0037 0.0485 0.0501 3.0913
1556101094.3116 4.1522 0.8026 -0.0009 0.0494 0.0530 3.0948
1556101094.4207 4.1387 0.8196 -0.0022 0.0501 0.0540 3.0979
1556101094.5002 4.1143 0.8468 -0.0036 0.0519 0.0597 3.0969
1556101094.5473 4.0958 0.8664 -0.0047 0.0527 0.0619 3.0960
1556101094.6915 4.0760 0.8859 -0.0049 0.0532 0.0635 3.0960
1556101094.7377 4.0536 0.9058 -0.0040 0.0540 0.0635 3.0962
1556101094.7781 4.0294 0.9246 -0.0045 0.0542 0.0629 3.0976
1556101094.8682 4.0025 0.9430 -0.0063 0.0542 0.0647 3.1008
1556101094.9106 3.9722 0.9680 -0.0030 0.0547 0.0644 3.1053
1556101094.9922 3.9454 0.9880 -0.0029 0.0557 0.0622 3.1092
1556101095.0381 3.9149 1.0110 -0.0022 0.0562 0.0630 3.1165
1556101095.1266 3.8822 1.0342 0.0010 0.0560 0.0600 3.1235
1556101095.1764 3.8510 1.0554 0.0005 0.0550 0.0548 3.1321
1556101095.2569 3.8184 1.0750 0.0013 0.0540 0.0523 3.1396
1556101095.2998 3.7869 1.0935 -0.0001 0.0524 0.0504 -3.1370
1556101095.3854 3.7542 1.1108 -0.0011 0.0522 0.0497 -3.1321
1556101095.4277 3.7195 1.1278 -0.0005 0.0521 0.0482 -3.1268
1556101095.5124 3.6857 1.1444 0.0006 0.0511 0.0435 -3.1198
1556101095.5961 3.6511 1.1616 -0.0017 0.0503 0.0395 -3.1142
1556101095.6381 3.6162 1.1796 -0.0050 0.0494 0.0388 -3.1113
1556101095.7065 3.5574 1.2063 -0.0070 0.0501 0.0433 -3.1131
1556101095.8089 3.5141 1.2273 -0.0054 0.0505 0.0455 -3.1159
1556101095.8541 3.4683 1.2440 -0.0044 0.0491 0.0457 -3.1210
1556101095.9399 3.4238 1.2593 -0.0031 0.0488 0.0456 -3.1259
1556101096.0627 3.3569 1.2844 0.0021 0.0495 0.0383 -3.1313
1556101096.1379 3.3172 1.2999 -0.0013 0.0486 0.0371 -3.1338
1556101096.1781 3.2738 1.3170 -0.0018 0.0483 0.0409 -3.1385
1556101096.2547 3.2291 1.3333 0.0024 0.0491 0.0397 3.1412
1556101096.3342 3.1879 1.3468 0.0009 0.0475 0.0361 3.1385
1556101096.3781 3.1442 1.3595 -0.0000 0.0472 0.0388 3.1367
1556101096.4548 3.1024 1.3689 -0.0005 0.0466 0.0411 3.1378
1556101096.4997 3.0598 1.3783 0.0042 0.0459 0.0381 -3.1389
1556101096.5623 3.0263 1.3887 0.0078 0.0430 0.0226 -3.1271
1556101096.6215 2.9987 1.3917 0.0004 0.0399 0.0166 -3.1167
1556101096.6951 2.9628 1.3948 -0.0071 0.0398 0.0232 -3.1042
1556101096.7599 2.9271 1.4058 -0.0046 0.0432 0.0249 -3.0883
1556101096.8231 2.8923 1.4171 -0.0018 0.0407 0.0148 -3.0730
1556101096.8881 2.8603 1.4235 -0.0089 0.0398 0.0149 -3.0567
1556101096.9799 2.8211 1.4327 -0.0116 0.0409 0.0238 -3.0434
1556101097.0221 2.7772 1.4470 -0.0060 0.0441 0.0259 -3.0299
1556101097.1598 2.7406 1.4564 -0.0051 0.0423 0.0233 -3.0170
1556101097.2083 2.6781 1.4899 0.0158 0.0465 0.0302 -2.9902
1556101097.2694 2.6430 1.4776 0.0014 0.0415 0.0239 -2.9794
1556101097.3692 2.5903 1.4850 -0.0041 0.0396 0.0290 -2.9505
1556101097.4370 2.5474 1.4955 0.0006 0.0409 0.0335 -2.9283
1556101097.5032 2.5118 1.5037 0.0032 0.0400 0.0280 -2.9029
1556101097.5751 2.4785 1.5114 -0.0004 0.0400 0.0281 -2.8752
1556101097.6440 2.4439 1.5174 -0.0035 0.0416 0.0378 -2.8471
1556101097.7175 2.4044 1.5247 0.0026 0.0435 0.0426 -2.8188
1556101097.7880 2.3728 1.5317 0.0068 0.0397 0.0303 -2.7919
1556101097.8682 2.3444 1.5352 0.0001 0.0368 0.0264 -2.7622
1556101097.9498 2.3079 1.5393 0.0004 0.0391 0.0343 -2.7319
1556101098.0440 2.2720 1.5421 0.0033 0.0390 0.0285 -2.6993
1556101098.1238 2.2412 1.5470 -0.0000 0.0379 0.0249 -2.6685
1556101098.2159 2.2026 1.5513 -0.0036 0.0385 0.0300 -2.6381
1556101098.2937 2.1631 1.5566 -0.0031 0.0387 0.0290 -2.6094
1556101098.3712 2.1261 1.5584 -0.0040 0.0367 0.0271 -2.5802
1556101098.4403 2.0933 1.5589 -0.0061 0.0360 0.0310 -2.5520
1556101098.5178 2.0602 1.5610 -0.0064 0.0366 0.0332 -2.5225
1556101098.5912 2.0287 1.5608 -0.0022 0.0363 0.0318 -2.4917
1556101098.6702 2.0095 1.5608 -0.0042 0.0350 0.0334 -2.4600
1556101098.7534 1.9894 1.5620 -0.0056 0.0364 0.0376 -2.4266
1556101098.8490 1.9734 1.5611 -0.0008 0.0367 0.0364 -2.3901
1556101098.9288 1.9629 1.5611 0.0010 0.0340 0.0309 -2.3518
1556101099.0146 1.9574 1.5617 -0.0025 0.0330 0.0310 -2.3134
1556101099.1047 1.9478 1.5618 -0.0042 0.0348 0.0354 -2.2770
1556101099.1972 1.9403 1.5571 -0.0054 0.0359 0.0388 -2.2385
1556101099.2899 1.9354 1.5567 -0.0032 0.0362 0.0374 -2.1984
1556101099.3777 1.9366 1.5601 -0.0039 0.0360 0.0356 -2.1554
1556101099.4629 1.9373 1.5675 -0.0016 0.0367 0.0341 -2.1112
1556101099.5442 1.9385 1.5778 0.0001 0.0354 0.0320 -2.0635
1556101099.6282 1.9373 1.5930 0.0010 0.0345 0.0294 -2.0182
1556101099.7109 1.9333 1.6078 -0.0015 0.0340 0.0287 -1.9728
1556101099.7958 1.9251 1.6209 -0.0020 0.0352 0.0322 -1.9272
1556101099.8686 1.9192 1.6332 -0.0026 0.0355 0.0349 -1.8807
1556101099.9461 1.9133 1.6428 -0.0002 0.0355 0.0343 -1.8372
1556101100.0293 1.9075 1.6501 0.0010 0.0348 0.0309 -1.7982
1556101100.1150 1.9013 1.6528 -0.0026 0.0346 0.0315 -1.7607
1556101100.1896 1.8945 1.6502 -0.0028 0.0363 0.0365 -1.7254
1556101100.2855 1.8889 1.6432 -0.0021 0.0370 0.0400 -1.6872
1556101100.3655 1.8874 1.6350 -0.0018 0.0369 0.0408 -1.6466
1556101100.4533 1.8904 1.6286 -0.0009 0.0364 0.0384 -1.6001
1556101100.5263 1.8934 1.6227 -0.0009 0.0340 0.0326 -1.5234
1556101100.6145 1.8908 1.6189 -0.0046 0.0340 0.0333 -1.4724
1556101100.6940 1.8823 1.6122 -0.0050 0.0357 0.0357 -1.4227
1556101100.7811 1.8740 1.6056 -0.0034 0.0367 0.0354 -1.3748
1556101100.8640 1.8677 1.5995 -0.0045 0.0375 0.0355 -1.3272
1556101100.9439 1.8609 1.5957 -0.0051 0.0389 0.0379 -1.2815
1556101101.0215 1.8541 1.5929 -0.0039 0.0396 0.0391 -1.2327
1556101101.0903 1.8438 1.5943 -0.0002 0.0396 0.0369 -1.1828
1556101101.1579 1.8316 1.5978 0.0003 0.0385 0.0341 -1.1308
1556101101.2301 1.8146 1.5990 0.0008 0.0395 0.0340 -1.0806
1556101101.3081 1.7956 1.5998 0.0020 0.0391 0.0349 -1.0313
1556101101.3719 1.7753 1.5987 0.0042 0.0386 0.0361 -0.9833
1556101101.4441 1.7555 1.5937 0.0037 0.0382 0.0375 -0.9370
1556101101.5113 1.7360 1.5850 0.0058 0.0383 0.0382 -0.8913
1556101101.5810 1.7148 1.5751 0.0062 0.0377 0.0349 -0.8462
1556101101.6458 1.6900 1.5621 0.0047 0.0367 0.0335 -0.8016
1556101101.7272 1.6603 1.5450 0.0062 0.0371 0.0321 -0.7606
1556101101.8108 1.6286 1.5234 0.0044 0.0371 0.0306 -0.7256
1556101101.8909 1.5955 1.4980 0.0028 0.0392 0.0322 -0.6974
1556101101.9341 1.5621 1.4708 0.0004 0.0394 0.0340 -0.6741
1556101102.0010 1.5279 1.4414 0.0036 0.0385 0.0345 -0.6510
1556101102.0421 1.4923 1.4097 0.0116 0.0377 0.0306 -0.6342
1556101102.1173 1.4504 1.3746 0.0036 0.0344 0.0272 -0.6153
1556101102.1581 1.4223 1.3387 -0.0013 0.0381 0.0348 -0.6049
1556101102.2299 1.3802 1.3044 0.0193 0.0369 0.0317 -0.5901
1556101102.2773 1.3480 1.2721 0.0086 0.0351 0.0231 -0.5835
1556101102.3436 1.3220 1.2303 -0.0063 0.0376 0.0283 -0.5727
1556101102.3861 1.2892 1.1930 0.0018 0.0399 0.0319 -0.5650
1556101102.4445 1.2579 1.1555 -0.0039 0.0376 0.0251 -0.5562
1556101102.4862 1.2359 1.1189 -0.0093 0.0399 0.0294 -0.5500
1556101102.5472 1.1999 1.0818 0.0049 0.0388 0.0284 -0.5409
1556101102.5901 1.1661 1.0491 0.0026 0.0363 0.0221 -0.5344
1556101102.6341 1.1364 1.0175 0.0029 0.0357 0.0182 -0.5249
1556101102.6781 1.1053 0.9860 0.0014 0.0341 0.0170 -0.5144
1556101102.7221 1.0789 0.9545 -0.0083 0.0341 0.0227 -0.5015
1556101102.7661 1.0450 0.9198 0.0004 0.0335 0.0257 -0.4857
1556101102.8101 1.0110 0.8930 0.0005 0.0290 0.0207 -0.4691
1556101102.8541 0.9781 0.8665 -0.0063 0.0267 0.0233 -0.4497
1556101102.8981 0.9440 0.8335 0.0071 0.0260 0.0269 -0.4298
1556101102.9421 0.9053 0.7998 0.0092 0.0239 0.0221 -0.4099
1556101102.9861 0.8733 0.7691 -0.0090 0.0247 0.0231 -0.3923
1556101103.0343 0.8413 0.7327 -0.0018 0.0217 0.0299 -0.3740
1556101103.0344 0.8052 0.7039 0.0045 0.0212 0.0278 -0.3568
1556101103.0781 0.7742 0.6735 0.0057 0.0180 0.0256 -0.3414
1556101103.1137 0.7458 0.6397 0.0082 0.0184 0.0298 -0.3252
1556101103.1541 0.7179 0.6088 0.0150 0.0168 0.0315 -0.3113
1556101103.1981 0.6862 0.5783 0.0129 0.0158 0.0303 -0.2977
1556101103.2421 0.6559 0.5480 0.0164 0.0148 0.0316 -0.2826
1556101103.2861 0.6247 0.5158 0.0246 0.0140 0.0301 -0.2689
1556101103.3302 0.5986 0.4959 0.0192 0.0120 0.0278 -0.2559
1556101103.3741 0.5690 0.4682 0.0219 0.0131 0.0306 -0.2423
1556101103.4181 0.5370 0.4454 0.0271 0.0119 0.0266 -0.2267
1556101103.4697 0.5073 0.4232 0.0204 0.0134 0.0262 -0.2109
1556101103.5287 0.4812 0.4031 0.0198 0.0148 0.0298 -0.1953
1556101103.6114 0.4511 0.3754 0.0348 0.0142 0.0260 -0.1820
1556101103.6681 0.4189 0.3543 0.0229 0.0136 0.0213 -0.1713
1556101103.7617 0.3864 0.3171 0.0227 0.0164 0.0293 -0.1576
1556101103.8298 0.3666 0.2972 0.0340 0.0169 0.0272 -0.1511
1556101103.8991 0.3489 0.2859 0.0295 0.0157 0.0246 -0.1461
1556101103.9565 0.3333 0.2676 0.0311 0.0210 0.0345 -0.1403
1556101104.0590 0.3166 0.2537 0.0392 0.0210 0.0336 -0.1338
1556101104.1189 0.2960 0.2409 0.0350 0.0219 0.0287 -0.1283
1556101104.1624 0.2772 0.2311 0.0286 0.0222 0.0299 -0.1206
1556101104.2537 0.2497 0.2140 0.0325 0.0224 0.0294 -0.1122
1556101104.3404 0.2284 0.2002 0.0317 0.0227 0.0274 -0.1064
1556101104.3986 0.2091 0.1863 0.0326 0.0235 0.0285 -0.0994
1556101104.5150 0.1922 0.1763 0.0332 0.0241 0.0295 -0.0945
1556101104.5640 0.1766 0.1655 0.0324 0.0244 0.0306 -0.0893
1556101104.6342 0.1621 0.1560 0.0322 0.0250 0.0326 -0.0847
1556101104.6822 0.1498 0.1493 0.0335 0.0252 0.0337 -0.0818
1556101104.7263 0.1348 0.1437 0.0339 0.0245 0.0328 -0.0788
1556101104.7822 0.1206 0.1379 0.0334 0.0248 0.0337 -0.0758
1556101104.8598 0.1073 0.1317 0.0348 0.0249 0.0347 -0.0737
1556101104.9886 0.0929 0.1254 0.0354 0.0246 0.0345 -0.0713
1556101105.0389 0.0811 0.1198 0.0355 0.0248 0.0344 -0.0697
1556101105.0821 0.0694 0.1166 0.0363 0.0246 0.0344 -0.0685
1556101105.1294 0.0583 0.1134 0.0368 0.0246 0.0341 -0.0675
1556101105.1878 0.0486 0.1116 0.0370 0.0247 0.0336 -0.0673
1556101105.2664 0.0418 0.1112 0.0376 0.0245 0.0336 -0.0671
1556101105.3302 0.0370 0.1104 0.0384 0.0248 0.0337 -0.0671
1556101105.3939 0.0335 0.1086 0.0378 0.0248 0.0343 -0.0679
1556101105.4885 0.0306 0.1076 0.0379 0.0254 0.0350 -0.0697
1556101105.5391 0.0277 0.1052 0.0432 0.0257 0.0364 -0.0708
1556101105.5991 0.0212 0.1037 0.0444 0.0255 0.0359 -0.0705
1556101105.6649 0.0130 0.1012 0.0440 0.0253 0.0359 -0.0706
1556101105.7264 0.0050 0.0996 0.0446 0.0255 0.0361 -0.0719
1556101105.8243 -0.0025 0.0998 0.0437 0.0257 0.0364 -0.0732
1556101105.8701 -0.0085 0.0992 0.0430 0.0263 0.0376 -0.0729
1556101106.0020 -0.0145 0.0991 0.0452 0.0260 0.0375 -0.0728
1556101106.0747 -0.0204 0.0990 0.0436 0.0259 0.0360 -0.0735
1556101106.1183 -0.0239 0.0970 0.0436 0.0269 0.0368 -0.0742
1556101106.2033 -0.0252 0.0935 0.0442 0.0268 0.0367 -0.0747
1556101106.2461 -0.0251 0.0876 0.0445 0.0270 0.0366 -0.0745
1556101106.2901 -0.0231 0.0864 0.0419 0.0272 0.0375 -0.0752
1556101106.3341 -0.0203 0.0889 0.0421 0.0277 0.0384 -0.0756
1556101106.4593 -0.0183 0.0919 0.0417 0.0280 0.0382 -0.0753
1556101106.5467 -0.0169 0.0922 0.0418 0.0279 0.0383 -0.0738
1556101106.5901 -0.0174 0.0896 0.0417 0.0277 0.0382 -0.0737
1556101106.6341 -0.0179 0.0890 0.0414 0.0277 0.0384 -0.0747
1556101106.6911 -0.0181 0.0903 0.0421 0.0278 0.0382 -0.0750
1556101106.7521 -0.0187 0.0915 0.0419 0.0276 0.0373 -0.0744
1556101106.8137 -0.0193 0.0910 0.0410 0.0275 0.0370 -0.0738
1556101106.9709 -0.0186 0.0899 0.0407 0.0275 0.0375 -0.0743
1556101107.0454 -0.0182 0.0903 0.0411 0.0278 0.0380 -0.0749
1556101107.0901 -0.0182 0.0910 0.0416 0.0277 0.0378 -0.0744
1556101107.1341 -0.0186 0.0911 0.0412 0.0276 0.0373 -0.0742
1556101107.1821 -0.0191 0.0911 0.0409 0.0276 0.0373 -0.0744
1556101107.2261 -0.0189 0.0908 0.0411 0.0276 0.0375 -0.0746
1556101107.3535 -0.0184 0.0908 0.0407 0.0274 0.0372 -0.0745
1556101107.3970 -0.0190 0.0908 0.0405 0.0278 0.0372 -0.0746
1556101107.4382 -0.0187 0.0908 0.0412 0.0280 0.0376 -0.0745
1556101107.5463 -0.0188 0.0907 0.0411 0.0276 0.0371 -0.0742
1556101107.5901 -0.0195 0.0907 0.0409 0.0276 0.0372 -0.0744
