1555661315.4675 0.0000 0.0000 0.0000 -0.0000 0.0000 -0.0000
1555661315.5010 0.0001 0.0003 -0.0000 0.0001 0.0000 0.0011
1555661315.7010 0.0006 -0.0003 0.0002 -0.0002 0.0004 0.0012
1555661315.7344 0.0007 -0.0008 0.0011 -0.0008 -0.0018 -0.0001
1555661315.7680 0.0006 -0.0007 0.0008 -0.0007 -0.0030 -0.0014
1555661315.8013 0.0007 -0.0006 -0.0001 -0.0001 -0.0019 -0.0003
1555661315.8680 0.0031 -0.0008 -0.0004 0.0004 0.0013 0.0001
1555661315.9015 0.0050 -0.0013 0.0001 0.0004 0.0011 -0.0013
1555661315.9349 0.0064 -0.0016 0.0004 -0.0000 0.0001 -0.0019
1555661315.9682 0.0077 -0.0018 -0.0009 0.0003 0.0012 -0.0024
1555661316.0015 0.0101 -0.0017 -0.0025 0.0012 0.0052 -0.0030
1555661316.0683 0.0175 -0.0021 -0.0020 0.0020 0.0088 0.0004
1555661316.1017 0.0195 -0.0030 -0.0002 0.0006 0.0079 0.0006
1555661316.1352 0.0214 -0.0032 0.0000 0.0011 0.0074 0.0009
1555661316.1687 0.0238 -0.0035 -0.0019 0.0023 0.0096 0.0017
1555661316.2353 0.0323 -0.0056 -0.0017 0.0032 0.0168 0.0009
1555661316.2687 0.0355 -0.0075 -0.0008 0.0036 0.0174 -0.0008
1555661316.3021 0.0382 -0.0094 -0.0000 0.0033 0.0173 -0.0026
1555661316.3355 0.0402 -0.0112 0.0001 0.0037 0.0175 -0.0045
1555661316.3690 0.0429 -0.0121 0.0002 0.0044 0.0183 -0.0075
1555661316.4355 0.0472 -0.0171 0.0021 0.0049 0.0175 -0.0124
1555661316.4691 0.0497 -0.0191 0.0023 0.0043 0.0165 -0.0154
1555661316.5025 0.0520 -0.0204 0.0023 0.0049 0.0166 -0.0182
1555661316.5358 0.0553 -0.0232 0.0023 0.0060 0.0171 -0.0207
1555661316.5691 0.0588 -0.0272 0.0024 0.0057 0.0171 -0.0239
1555661316.6360 0.0657 -0.0352 0.0033 0.0060 0.0161 -0.0334
1555661316.6695 0.0698 -0.0396 0.0036 0.0063 0.0158 -0.0398
1555661316.7027 0.0741 -0.0432 0.0042 0.0059 0.0151 -0.0477
1555661316.7361 0.0779 -0.0474 0.0056 0.0059 0.0132 -0.0559
1555661316.7696 0.0818 -0.0504 0.0069 0.0055 0.0102 -0.0648
1555661316.8029 0.0858 -0.0524 0.0088 0.0051 0.0064 -0.0729
1555661316.8697 0.0926 -0.0535 0.0037 0.0047 0.0039 -0.0848
1555661316.9032 0.0978 -0.0526 0.0019 0.0060 0.0100 -0.0861
1555661316.9364 0.1014 -0.0542 0.0046 0.0076 0.0137 -0.0862
1555661316.9698 0.1050 -0.0543 0.0047 0.0063 0.0116 -0.0888
1555661317.0367 0.1078 -0.0528 0.0049 0.0058 0.0071 -0.0882
1555661317.0700 0.1080 -0.0529 0.0043 0.0063 0.0073 -0.0874
1555661317.1035 0.1088 -0.0526 0.0040 0.0052 0.0081 -0.0880
1555661317.1368 0.1091 -0.0525 0.0040 0.0049 0.0080 -0.0863
1555661317.1704 0.1093 -0.0533 0.0040 0.0058 0.0076 -0.0847
1555661317.1704 0.1093 -0.0533 0.0040 0.0058 0.0076 -0.0847
1555661317.2369 0.1086 -0.0539 0.0043 0.0043 0.0055 -0.0858
1555661317.3037 0.1076 -0.0536 0.0043 0.0050 0.0048 -0.0859
1555661317.3372 0.1075 -0.0533 0.0041 0.0057 0.0051 -0.0858
1555661317.3705 0.1074 -0.0526 0.0042 0.0046 0.0048 -0.0851
1555661317.4374 0.1066 -0.0523 0.0043 0.0052 0.0044 -0.0845
1555661317.4708 0.1065 -0.0527 0.0042 0.0053 0.0048 -0.0845
1555661317.5041 0.1064 -0.0529 0.0043 0.0044 0.0047 -0.0848
1555661317.5375 0.1061 -0.0532 0.0043 0.0048 0.0048 -0.0853
1555661317.5709 0.1059 -0.0533 0.0043 0.0050 0.0048 -0.0859
1555661317.6044 0.1058 -0.0533 0.0045 0.0048 0.0042 -0.0855
1555661317.6710 0.1056 -0.0532 0.0044 0.0048 0.0043 -0.0856
1555661317.7043 0.1056 -0.0532 0.0043 0.0050 0.0046 -0.0855
1555661317.7379 0.1055 -0.0535 0.0044 0.0049 0.0049 -0.0853
1555661317.7714 0.1055 -0.0534 0.0043 0.0049 0.0048 -0.0859
1555661317.8046 0.1055 -0.0534 0.0042 0.0052 0.0048 -0.0863
1555661317.8713 0.1052 -0.0535 0.0043 0.0048 0.0045 -0.0868
1555661317.9047 0.1051 -0.0534 0.0044 0.0046 0.0041 -0.0871
1555661317.9382 0.1050 -0.0533 0.0044 0.0043 0.0034 -0.0866
1555661317.9714 0.1050 -0.0531 0.0042 0.0042 0.0028 -0.0859
1555661318.0048 0.1050 -0.0530 0.0041 0.0044 0.0031 -0.0853
1555661318.0716 0.1052 -0.0523 0.0040 0.0050 0.0046 -0.0837
1555661318.1050 0.1055 -0.0523 0.0040 0.0051 0.0049 -0.0837
1555661318.1384 0.1059 -0.0522 0.0038 0.0050 0.0051 -0.0844
1555661318.1719 0.1063 -0.0523 0.0038 0.0052 0.0057 -0.0844
1555661318.2054 0.1067 -0.0524 0.0038 0.0049 0.0057 -0.0841
1555661318.2721 0.1071 -0.0525 0.0038 0.0048 0.0056 -0.0848
1555661318.3053 0.1072 -0.0533 0.0045 0.0046 0.0052 -0.0851
1555661318.3387 0.1068 -0.0560 0.0054 0.0051 0.0053 -0.0870
1555661318.3722 0.1068 -0.0547 0.0039 0.0063 0.0054 -0.0914
1555661318.4055 0.1067 -0.0526 0.0026 0.0067 0.0074 -0.0932
1555661318.4723 0.1063 -0.0521 0.0055 0.0051 0.0052 -0.0871
1555661318.5057 0.1042 -0.0537 0.0062 0.0032 -0.0000 -0.0852
1555661318.5392 0.1022 -0.0542 0.0061 0.0025 -0.0025 -0.0851
1555661318.5724 0.1014 -0.0538 0.0042 0.0040 -0.0015 -0.0859
1555661318.6391 0.1011 -0.0552 0.0030 0.0047 0.0047 -0.0880
1555661318.6727 0.1016 -0.0544 0.0035 0.0048 0.0047 -0.0885
1555661318.7061 0.1020 -0.0538 0.0039 0.0051 0.0030 -0.0873
1555661318.7395 0.1021 -0.0538 0.0041 0.0044 0.0016 -0.0860
1555661318.7729 0.1014 -0.0556 0.0045 0.0043 0.0024 -0.0853
1555661318.8062 0.1019 -0.0545 0.0032 0.0061 0.0042 -0.0868
1555661318.8731 0.1024 -0.0555 0.0041 0.0047 0.0052 -0.0883
1555661318.9065 0.1024 -0.0551 0.0047 0.0041 0.0031 -0.0885
1555661318.9398 0.1024 -0.0546 0.0047 0.0048 0.0013 -0.0871
1555661318.9732 0.1023 -0.0546 0.0044 0.0042 0.0010 -0.0866
1555661319.0067 0.1023 -0.0545 0.0041 0.0043 0.0022 -0.0871
1555661319.0733 0.1026 -0.0542 0.0038 0.0059 0.0047 -0.0871
1555661319.1069 0.1027 -0.0544 0.0043 0.0051 0.0043 -0.0877
1555661319.1400 0.1027 -0.0544 0.0044 0.0045 0.0033 -0.0882
1555661319.1736 0.1028 -0.0528 0.0040 0.0043 0.0025 -0.0880
1555661319.2069 0.1028 -0.0530 0.0038 0.0047 0.0028 -0.0873
1555661319.2736 0.1027 -0.0540 0.0041 0.0046 0.0035 -0.0873
1555661319.3069 0.1027 -0.0541 0.0042 0.0049 0.0030 -0.0874
1555661319.3404 0.1026 -0.0542 0.0042 0.0047 0.0027 -0.0877
1555661319.3737 0.1026 -0.0539 0.0040 0.0046 0.0027 -0.0878
1555661319.4071 0.1026 -0.0538 0.0040 0.0048 0.0032 -0.0870
1555661319.4741 0.1026 -0.0538 0.0040 0.0048 0.0032 -0.0872
1555661319.5074 0.1025 -0.0539 0.0041 0.0046 0.0027 -0.0875
1555661319.5407 0.1025 -0.0537 0.0039 0.0044 0.0025 -0.0878
1555661319.5407 0.1025 -0.0537 0.0039 0.0044 0.0025 -0.0878
1555661319.6074 0.1025 -0.0539 0.0039 0.0049 0.0035 -0.0874
1555661319.6744 0.1025 -0.0540 0.0040 0.0048 0.0030 -0.0874
1555661319.7078 0.1017 -0.0565 0.0050 0.0050 0.0035 -0.0865
1555661319.7411 0.1020 -0.0547 0.0043 0.0046 0.0031 -0.0876
1555661319.7746 0.1020 -0.0545 0.0043 0.0050 0.0035 -0.0873
1555661319.8078 0.1020 -0.0545 0.0044 0.0050 0.0033 -0.0870
1555661319.8412 0.1022 -0.0539 0.0042 0.0044 0.0022 -0.0873
1555661319.9081 0.1022 -0.0537 0.0037 0.0046 0.0023 -0.0880
1555661319.9414 0.1023 -0.0537 0.0037 0.0051 0.0036 -0.0876
1555661319.9748 0.1024 -0.0541 0.0040 0.0049 0.0041 -0.0873
1555661319.9748 0.1024 -0.0541 0.0040 0.0049 0.0041 -0.0873
1555661320.0750 0.1034 -0.0549 0.0043 0.0042 0.0010 -0.0909
1555661320.1084 0.1051 -0.0541 0.0037 0.0048 0.0020 -0.0898
1555661320.1418 0.1070 -0.0545 0.0036 0.0053 0.0041 -0.0883
1555661320.1752 0.1097 -0.0560 0.0035 0.0059 0.0055 -0.0899
1555661320.2086 0.1123 -0.0582 0.0040 0.0056 0.0061 -0.0929
1555661320.2420 0.1153 -0.0601 0.0047 0.0062 0.0061 -0.0957
1555661320.3087 0.1227 -0.0660 0.0060 0.0062 0.0049 -0.1054
1555661320.3421 0.1278 -0.0671 0.0062 0.0062 0.0042 -0.1108
1555661320.3755 0.1332 -0.0699 0.0064 0.0067 0.0036 -0.1154
1555661320.4087 0.1395 -0.0737 0.0066 0.0070 0.0036 -0.1217
1555661320.4758 0.1537 -0.0786 0.0073 0.0083 0.0053 -0.1346
1555661320.5091 0.1612 -0.0821 0.0082 0.0085 0.0051 -0.1405
1555661320.5425 0.1689 -0.0848 0.0084 0.0085 0.0041 -0.1470
1555661320.5759 0.1760 -0.0863 0.0086 0.0089 0.0040 -0.1517
1555661320.6091 0.1836 -0.0884 0.0094 0.0089 0.0037 -0.1544
1555661320.6424 0.1906 -0.0904 0.0098 0.0087 0.0023 -0.1572
1555661320.7093 0.2054 -0.0926 0.0099 0.0079 0.0008 -0.1596
1555661320.7427 0.2129 -0.0940 0.0097 0.0093 0.0017 -0.1580
1555661320.7762 0.2205 -0.0962 0.0099 0.0089 0.0024 -0.1566
1555661320.8095 0.2284 -0.0969 0.0103 0.0081 0.0012 -0.1536
1555661320.8762 0.2436 -0.1023 0.0119 0.0075 -0.0027 -0.1442
1555661320.9096 0.2511 -0.1060 0.0120 0.0071 -0.0041 -0.1400
1555661320.9431 0.2594 -0.1090 0.0117 0.0073 -0.0023 -0.1358
1555661320.9765 0.2692 -0.1142 0.0117 0.0080 -0.0002 -0.1315
1555661321.0099 0.2788 -0.1213 0.0126 0.0080 0.0003 -0.1297
1555661321.0766 0.2970 -0.1309 0.0139 0.0074 -0.0014 -0.1289
1555661321.1099 0.3065 -0.1352 0.0141 0.0081 -0.0009 -0.1282
1555661321.1433 0.3164 -0.1405 0.0150 0.0085 -0.0005 -0.1282
1555661321.1767 0.3260 -0.1441 0.0156 0.0077 -0.0008 -0.1285
1555661321.2101 0.3356 -0.1480 0.0160 0.0074 -0.0012 -0.1272
1555661321.2770 0.3545 -0.1562 0.0165 0.0086 0.0005 -0.1258
1555661321.3104 0.3646 -0.1603 0.0179 0.0082 0.0005 -0.1248
1555661321.3436 0.3738 -0.1661 0.0198 0.0078 -0.0016 -0.1234
1555661321.3770 0.3825 -0.1717 0.0201 0.0074 -0.0039 -0.1235
1555661321.4105 0.3916 -0.1757 0.0202 0.0074 -0.0038 -0.1242
1555661321.4440 0.4017 -0.1791 0.0201 0.0080 -0.0022 -0.1238
1555661321.5107 0.4225 -0.1898 0.0208 0.0086 0.0010 -0.1246
1555661321.5439 0.4325 -0.1942 0.0221 0.0081 0.0008 -0.1251
1555661321.5775 0.4423 -0.1987 0.0229 0.0085 -0.0004 -0.1247
1555661321.6107 0.4523 -0.2047 0.0244 0.0082 -0.0019 -0.1247
1555661321.6443 0.4625 -0.2091 0.0247 0.0073 -0.0035 -0.1256
1555661321.7109 0.4842 -0.2184 0.0245 0.0086 -0.0002 -0.1246
1555661321.7444 0.4969 -0.2233 0.0253 0.0087 0.0020 -0.1246
1555661321.7779 0.5091 -0.2285 0.0265 0.0084 0.0012 -0.1250
1555661321.8113 0.5190 -0.2348 0.0268 0.0083 0.0003 -0.1244
1555661321.8445 0.5295 -0.2389 0.0270 0.0089 0.0022 -0.1223
1555661321.9113 0.5547 -0.2497 0.0306 0.0095 0.0025 -0.1185
1555661321.9448 0.5645 -0.2575 0.0325 0.0075 -0.0035 -0.1165
1555661321.9779 0.5735 -0.2638 0.0324 0.0069 -0.0061 -0.1138
1555661322.0115 0.5849 -0.2667 0.0305 0.0088 -0.0024 -0.1110
1555661322.0447 0.5961 -0.2702 0.0292 0.0104 0.0043 -0.1063
1555661322.1118 0.6220 -0.2815 0.0346 0.0085 0.0046 -0.0953
1555661322.1450 0.6311 -0.2868 0.0364 0.0076 -0.0027 -0.0881
1555661322.1783 0.6397 -0.2928 0.0366 0.0072 -0.0079 -0.0798
1555661322.2117 0.6492 -0.2979 0.0355 0.0068 -0.0067 -0.0723
1555661322.2451 0.6602 -0.2993 0.0332 0.0074 -0.0007 -0.0633
1555661322.3119 0.6852 -0.3139 0.0347 0.0081 0.0034 -0.0407
1555661322.3454 0.6956 -0.3205 0.0366 0.0060 0.0012 -0.0316
1555661322.3788 0.7055 -0.3256 0.0369 0.0057 -0.0019 -0.0196
1555661322.4119 0.7154 -0.3335 0.0369 0.0066 -0.0019 -0.0069
1555661322.4456 0.7259 -0.3408 0.0363 0.0074 0.0023 0.0032
1555661322.4788 0.7387 -0.3469 0.0364 0.0078 0.0069 0.0145
1555661322.5456 0.7620 -0.3628 0.0377 0.0075 0.0089 0.0362
1555661322.5790 0.7727 -0.3700 0.0389 0.0070 0.0087 0.0459
1555661322.6124 0.7826 -0.3773 0.0391 0.0061 0.0079 0.0572
1555661322.6457 0.7926 -0.3846 0.0393 0.0062 0.0105 0.0665
1555661322.7125 0.8145 -0.3995 0.0437 0.0054 0.0068 0.0858
1555661322.7460 0.8246 -0.4100 0.0457 0.0019 -0.0005 0.0954
1555661322.7795 0.8339 -0.4196 0.0460 0.0011 -0.0044 0.1028
1555661322.8129 0.8437 -0.4286 0.0452 0.0025 -0.0022 0.1104
1555661322.8462 0.8560 -0.4347 0.0437 0.0027 0.0036 0.1193
1555661322.9130 0.8863 -0.4531 0.0433 0.0036 0.0143 0.1329
1555661322.9463 0.9001 -0.4632 0.0462 0.0034 0.0132 0.1387
1555661322.9798 0.9124 -0.4740 0.0469 0.0010 0.0090 0.1459
1555661323.0132 0.9246 -0.4852 0.0471 0.0000 0.0088 0.1515
1555661323.0464 0.9366 -0.4940 0.0470 0.0017 0.0121 0.1561
1555661323.1133 0.9651 -0.5161 0.0486 0.0003 0.0115 0.1681
1555661323.1466 0.9779 -0.5277 0.0500 -0.0016 0.0084 0.1717
1555661323.1801 0.9899 -0.5372 0.0502 -0.0006 0.0069 0.1760
1555661323.2134 1.0025 -0.5485 0.0493 -0.0002 0.0094 0.1820
1555661323.2468 1.0166 -0.5587 0.0493 -0.0002 0.0145 0.1874
1555661323.3137 1.0434 -0.5803 0.0507 0.0003 0.0159 0.1983
1555661323.3469 1.0558 -0.5903 0.0522 -0.0013 0.0125 0.2051
1555661323.3804 1.0672 -0.6019 0.0528 -0.0005 0.0096 0.2124
1555661323.4138 1.0776 -0.6139 0.0529 -0.0013 0.0100 0.2196
1555661323.4472 1.0889 -0.6223 0.0529 -0.0025 0.0136 0.2281
1555661323.5140 1.1132 -0.6415 0.0537 -0.0007 0.0162 0.2481
1555661323.5473 1.1244 -0.6524 0.0547 -0.0032 0.0134 0.2582
1555661323.5806 1.1344 -0.6641 0.0549 -0.0048 0.0121 0.2693
1555661323.6141 1.1447 -0.6735 0.0549 -0.0030 0.0150 0.2804
1555661323.6474 1.1569 -0.6838 0.0548 -0.0021 0.0182 0.2919
1555661323.6807 1.1696 -0.6952 0.0551 -0.0035 0.0194 0.3033
1555661323.7475 1.1927 -0.7181 0.0576 -0.0048 0.0155 0.3266
1555661323.7811 1.2031 -0.7298 0.0577 -0.0049 0.0151 0.3378
1555661323.8143 1.2152 -0.7404 0.0579 -0.0046 0.0173 0.3489
1555661323.8480 1.2273 -0.7520 0.0579 -0.0048 0.0184 0.3608
1555661323.9147 1.2530 -0.7734 0.0592 -0.0047 0.0193 0.3832
1555661323.9479 1.2651 -0.7859 0.0595 -0.0049 0.0178 0.3946
1555661323.9814 1.2761 -0.7977 0.0597 -0.0057 0.0190 0.4051
1555661324.0146 1.2893 -0.8081 0.0601 -0.0051 0.0214 0.4164
1555661324.0480 1.3022 -0.8193 0.0603 -0.0046 0.0210 0.4276
1555661324.0814 1.3157 -0.8307 0.0613 -0.0051 0.0196 0.4382
1555661324.1484 1.3408 -0.8562 0.0616 -0.0072 0.0146 0.4586
1555661324.1818 1.3540 -0.8680 0.0616 -0.0058 0.0177 0.4676
1555661324.2151 1.3681 -0.8793 0.0615 -0.0048 0.0213 0.4771
1555661324.2485 1.3831 -0.8915 0.0616 -0.0056 0.0236 0.4863
1555661324.3151 1.4114 -0.9164 0.0636 -0.0057 0.0204 0.5029
1555661324.3485 1.4237 -0.9301 0.0638 -0.0079 0.0186 0.5111
1555661324.3820 1.4360 -0.9416 0.0641 -0.0061 0.0185 0.5191
1555661324.4154 1.4508 -0.9552 0.0642 -0.0050 0.0176 0.5274
1555661324.4489 1.4647 -0.9687 0.0643 -0.0076 0.0173 0.5346
1555661324.5156 1.4924 -0.9938 0.0644 -0.0056 0.0201 0.5506
1555661324.5490 1.5071 -1.0073 0.0644 -0.0057 0.0217 0.5580
1555661324.5823 1.5213 -1.0192 0.0646 -0.0072 0.0236 0.5656
1555661324.6158 1.5347 -1.0316 0.0656 -0.0061 0.0235 0.5752
1555661324.6490 1.5506 -1.0462 0.0660 -0.0073 0.0227 0.5855
1555661324.7158 1.5774 -1.0713 0.0674 -0.0068 0.0237 0.6047
1555661324.7492 1.5936 -1.0860 0.0676 -0.0082 0.0234 0.6155
1555661324.7828 1.6083 -1.0994 0.0677 -0.0102 0.0245 0.6246
1555661324.8161 1.6223 -1.1112 0.0691 -0.0092 0.0240 0.6351
1555661324.8495 1.6375 -1.1250 0.0693 -0.0097 0.0229 0.6465
1555661324.9162 1.6665 -1.1492 0.0705 -0.0104 0.0260 0.6673
1555661324.9496 1.6828 -1.1611 0.0713 -0.0111 0.0249 0.6784
1555661324.9830 1.6972 -1.1732 0.0723 -0.0143 0.0223 0.6887
1555661325.0163 1.7097 -1.1832 0.0727 -0.0127 0.0229 0.6990
1555661325.0498 1.7255 -1.1945 0.0731 -0.0116 0.0234 0.7111
1555661325.0831 1.7430 -1.2066 0.0734 -0.0148 0.0232 0.7223
1555661325.1500 1.7743 -1.2266 0.0747 -0.0154 0.0249 0.7414
1555661325.1833 1.7910 -1.2361 0.0749 -0.0178 0.0240 0.7523
1555661325.2166 1.8068 -1.2450 0.0751 -0.0185 0.0258 0.7618
1555661325.2501 1.8237 -1.2531 0.0747 -0.0176 0.0293 0.7713
1555661325.2835 1.8421 -1.2611 0.0746 -0.0180 0.0338 0.7811
1555661325.3501 1.8793 -1.2773 0.0773 -0.0204 0.0347 0.7984
1555661325.3842 1.8951 -1.2858 0.0784 -0.0212 0.0321 0.8076
1555661325.4169 1.9121 -1.2943 0.0787 -0.0215 0.0311 0.8169
1555661325.4505 1.9297 -1.3026 0.0791 -0.0206 0.0314 0.8249
1555661325.5172 1.9653 -1.3179 0.0816 -0.0240 0.0292 0.8418
1555661325.5506 1.9828 -1.3249 0.0819 -0.0231 0.0290 0.8507
1555661325.5839 2.0005 -1.3320 0.0821 -0.0230 0.0308 0.8593
1555661325.6173 2.0180 -1.3378 0.0823 -0.0237 0.0343 0.8688
1555661325.6508 2.0363 -1.3432 0.0841 -0.0228 0.0360 0.8794
1555661325.6840 2.0558 -1.3499 0.0861 -0.0242 0.0341 0.8902
1555661325.7508 2.0892 -1.3624 0.0884 -0.0257 0.0301 0.9122
1555661325.7842 2.1080 -1.3687 0.0887 -0.0263 0.0309 0.9244
1555661325.8177 2.1261 -1.3739 0.0894 -0.0277 0.0331 0.9360
1555661325.8511 2.1448 -1.3783 0.0900 -0.0278 0.0339 0.9481
1555661325.8846 2.1631 -1.3827 0.0910 -0.0279 0.0340 0.9601
1555661325.9513 2.1994 -1.3918 0.0926 -0.0299 0.0347 0.9845
1555661325.9846 2.2194 -1.3948 0.0942 -0.0284 0.0346 0.9970
1555661326.0180 2.2397 -1.3991 0.0946 -0.0304 0.0341 1.0083
1555661326.0514 2.2554 -1.4023 0.0944 -0.0303 0.0387 1.0183
1555661326.1182 2.2963 -1.4051 0.0962 -0.0262 0.0438 1.0438
1555661326.1516 2.3150 -1.4077 0.0973 -0.0296 0.0439 1.0529
1555661326.1849 2.3292 -1.4094 0.0989 -0.0288 0.0454 1.0640
1555661326.2183 2.3456 -1.4110 0.0998 -0.0255 0.0473 1.0783
1555661326.2517 2.3637 -1.4130 0.1020 -0.0268 0.0474 1.0911
1555661326.3185 2.3966 -1.4166 0.1081 -0.0293 0.0401 1.1173
1555661326.3518 2.4138 -1.4189 0.1080 -0.0283 0.0396 1.1309
1555661326.3853 2.4302 -1.4203 0.1070 -0.0272 0.0442 1.1426
1555661326.4185 2.4465 -1.4202 0.1075 -0.0259 0.0491 1.1554
1555661326.4520 2.4662 -1.4201 0.1113 -0.0264 0.0477 1.1691
1555661326.4853 2.4841 -1.4207 0.1128 -0.0285 0.0416 1.1803
1555661326.5522 2.5153 -1.4217 0.1119 -0.0276 0.0458 1.2007
1555661326.5856 2.5326 -1.4212 0.1116 -0.0252 0.0533 1.2133
1555661326.6190 2.5518 -1.4196 0.1117 -0.0242 0.0588 1.2244
1555661326.6524 2.5697 -1.4186 0.1138 -0.0239 0.0609 1.2341
1555661326.6856 2.5861 -1.4181 0.1154 -0.0248 0.0596 1.2449
1555661326.7190 2.6001 -1.4181 0.1175 -0.0255 0.0581 1.2573
1555661326.7859 2.6319 -1.4194 0.1238 -0.0248 0.0489 1.2875
1555661326.8192 2.6514 -1.4204 0.1247 -0.0278 0.0422 1.3004
1555661326.8528 2.6687 -1.4209 0.1247 -0.0288 0.0405 1.3118
1555661326.8860 2.6820 -1.4216 0.1216 -0.0266 0.0470 1.3252
1555661326.9528 2.7211 -1.4194 0.1219 -0.0213 0.0650 1.3580
1555661326.9862 2.7414 -1.4185 0.1257 -0.0255 0.0625 1.3696
1555661327.0196 2.7559 -1.4182 0.1289 -0.0263 0.0574 1.3823
1555661327.0531 2.7717 -1.4184 0.1318 -0.0239 0.0531 1.3994
1555661327.0863 2.7922 -1.4187 0.1321 -0.0249 0.0504 1.4152
1555661327.1199 2.8108 -1.4185 0.1316 -0.0264 0.0524 1.4269
1555661327.1866 2.8464 -1.4177 0.1315 -0.0236 0.0606 1.4559
1555661327.2199 2.8663 -1.4166 0.1325 -0.0244 0.0613 1.4687
1555661327.2535 2.8843 -1.4155 0.1349 -0.0252 0.0581 1.4806
1555661327.2867 2.9032 -1.4150 0.1358 -0.0255 0.0557 1.4945
1555661327.3536 2.9400 -1.4111 0.1357 -0.0243 0.0613 1.5198
1555661327.3867 2.9590 -1.4089 0.1359 -0.0230 0.0641 1.5326
1555661327.4201 2.9794 -1.4063 0.1368 -0.0252 0.0648 1.5460
1555661327.4538 2.9974 -1.4028 0.1383 -0.0248 0.0645 1.5585
1555661327.4870 3.0180 -1.4013 0.1403 -0.0226 0.0622 1.5710
1555661327.5204 3.0383 -1.3988 0.1406 -0.0245 0.0623 1.5832
1555661327.5873 3.0764 -1.3914 0.1429 -0.0202 0.0671 1.6108
1555661327.6205 3.1007 -1.3882 0.1446 -0.0220 0.0632 1.6229
1555661327.6540 3.1195 -1.3849 0.1447 -0.0254 0.0631 1.6330
1555661327.6874 3.1367 -1.3805 0.1447 -0.0217 0.0665 1.6462
1555661327.7542 3.1800 -1.3696 0.1459 -0.0229 0.0689 1.6718
1555661327.7876 3.1980 -1.3639 0.1462 -0.0235 0.0691 1.6840
1555661327.8210 3.2181 -1.3582 0.1463 -0.0202 0.0706 1.6980
1555661327.8544 3.2393 -1.3537 0.1465 -0.0197 0.0743 1.7113
1555661327.8878 3.2595 -1.3481 0.1476 -0.0199 0.0772 1.7249
1555661327.9546 3.2804 -1.3425 0.1512 -0.0190 0.0750 1.7404
1555661327.9879 3.3230 -1.3335 0.1526 -0.0203 0.0683 1.7714
1555661328.0213 3.3438 -1.3286 0.1528 -0.0171 0.0699 1.7887
1555661328.0545 3.3682 -1.3228 0.1529 -0.0182 0.0720 1.8069
1555661328.0879 3.3881 -1.3166 0.1535 -0.0211 0.0733 1.8232
1555661328.1549 3.4291 -1.3032 0.1559 -0.0177 0.0714 1.8573
1555661328.1882 3.4509 -1.2970 0.1560 -0.0179 0.0746 1.8732
1555661328.2217 3.4705 -1.2887 0.1559 -0.0176 0.0801 1.8894
1555661328.2549 3.4908 -1.2800 0.1566 -0.0156 0.0842 1.9048
1555661328.2884 3.5096 -1.2723 0.1591 -0.0144 0.0836 1.9187
1555661328.3218 3.5316 -1.2651 0.1622 -0.0147 0.0780 1.9341
1555661328.3885 3.5701 -1.2529 0.1626 -0.0132 0.0778 1.9603
1555661328.4220 3.5876 -1.2446 0.1626 -0.0113 0.0797 1.9746
1555661328.4552 3.6071 -1.2351 0.1631 -0.0115 0.0812 1.9887
1555661328.4886 3.6255 -1.2260 0.1636 -0.0120 0.0812 2.0009
1555661328.5555 3.6602 -1.2089 0.1648 -0.0083 0.0831 2.0265
1555661328.5888 3.6795 -1.1988 0.1652 -0.0079 0.0851 2.0394
1555661328.6222 3.6973 -1.1889 0.1658 -0.0087 0.0871 2.0513
1555661328.6557 3.7131 -1.1791 0.1672 -0.0071 0.0874 2.0636
1555661328.6890 3.7330 -1.1685 0.1694 -0.0050 0.0857 2.0768
1555661328.7222 3.7530 -1.1580 0.1706 -0.0069 0.0838 2.0883
1555661328.7893 3.7884 -1.1382 0.1709 -0.0038 0.0865 2.1133
1555661328.8226 3.8067 -1.1257 0.1716 -0.0021 0.0889 2.1255
1555661328.8559 3.8267 -1.1126 0.1727 -0.0031 0.0886 2.1377
1555661328.8893 3.8442 -1.1015 0.1733 -0.0040 0.0880 2.1498
1555661328.9561 3.8804 -1.0780 0.1754 -0.0008 0.0864 2.1765
1555661328.9895 3.8993 -1.0648 0.1760 -0.0021 0.0856 2.1883
1555661329.0228 3.9172 -1.0524 0.1763 -0.0025 0.0862 2.2008
1555661329.0563 3.9345 -1.0414 0.1759 0.0019 0.0910 2.2146
1555661329.0895 3.9523 -1.0267 0.1763 0.0036 0.0963 2.2285
1555661329.1232 3.9685 -1.0118 0.1784 0.0011 0.0931 2.2413
1555661329.1898 4.0054 -0.9869 0.1813 0.0036 0.0840 2.2695
1555661329.2231 4.0232 -0.9732 0.1815 0.0031 0.0847 2.2833
1555661329.2567 4.0398 -0.9594 0.1807 0.0031 0.0872 2.2973
1555661329.2900 4.0553 -0.9452 0.1803 0.0048 0.0928 2.3107
1555661329.3566 4.0849 -0.9128 0.1828 0.0062 0.0938 2.3369
1555661329.3902 4.1014 -0.8978 0.1839 0.0044 0.0880 2.3494
1555661329.4235 4.1175 -0.8836 0.1843 0.0050 0.0863 2.3610
1555661329.4569 4.1313 -0.8677 0.1844 0.0072 0.0885 2.3725
1555661329.4903 4.1444 -0.8506 0.1844 0.0083 0.0914 2.3844
1555661329.5238 4.1568 -0.8329 0.1844 0.0088 0.0943 2.3953
1555661329.5904 4.1780 -0.7982 0.1852 0.0107 0.0960 2.4143
1555661329.6240 4.1895 -0.7811 0.1860 0.0101 0.0917 2.4250
1555661329.6571 4.2025 -0.7637 0.1862 0.0108 0.0902 2.4333
1555661329.6905 4.2113 -0.7481 0.1861 0.0111 0.0918 2.4409
1555661329.7239 4.2192 -0.7301 0.1860 0.0137 0.0927 2.4514
1555661329.7908 4.2392 -0.6913 0.1860 0.0137 0.0933 2.4676
1555661329.8242 4.2462 -0.6734 0.1859 0.0155 0.0947 2.4763
1555661329.8575 4.2544 -0.6533 0.1861 0.0162 0.0939 2.4865
1555661329.8911 4.2629 -0.6336 0.1862 0.0157 0.0930 2.4942
1555661329.9576 4.2778 -0.5953 0.1860 0.0179 0.0930 2.5121
1555661329.9911 4.2859 -0.5735 0.1857 0.0184 0.0943 2.5210
1555661330.0245 4.2918 -0.5527 0.1856 0.0187 0.0950 2.5286
1555661330.0581 4.2984 -0.5326 0.1855 0.0197 0.0942 2.5379
1555661330.0911 4.3056 -0.5110 0.1853 0.0206 0.0943 2.5474
1555661330.1581 4.3177 -0.4667 0.1852 0.0208 0.0911 2.5642
1555661330.1916 4.3243 -0.4463 0.1844 0.0215 0.0918 2.5730
1555661330.2249 4.3288 -0.4252 0.1825 0.0243 0.0973 2.5826
1555661330.2582 4.3310 -0.4027 0.1821 0.0251 0.1005 2.5920
1555661330.2916 4.3351 -0.3786 0.1822 0.0252 0.0979 2.6006
1555661330.3249 4.3401 -0.3570 0.1828 0.0246 0.0926 2.6085
1555661330.3918 4.3518 -0.3172 0.1818 0.0258 0.0900 2.6291
1555661330.4252 4.3537 -0.2968 0.1810 0.0276 0.0933 2.6389
1555661330.4585 4.3559 -0.2740 0.1810 0.0275 0.0912 2.6494
1555661330.4920 4.3612 -0.2531 0.1811 0.0257 0.0878 2.6600
1555661330.5253 4.3644 -0.2351 0.1808 0.0270 0.0885 2.6702
1555661330.5920 4.3701 -0.1954 0.1789 0.0289 0.0909 2.6928
1555661330.6255 4.3715 -0.1769 0.1785 0.0283 0.0927 2.7027
1555661330.6588 4.3726 -0.1598 0.1780 0.0301 0.0928 2.7138
1555661330.6921 4.3741 -0.1402 0.1777 0.0328 0.0916 2.7251
1555661330.7257 4.3781 -0.1182 0.1778 0.0305 0.0891 2.7354
1555661330.7924 4.3811 -0.0858 0.1760 0.0348 0.0955 2.7547
1555661330.8259 4.3814 -0.0657 0.1755 0.0366 0.0986 2.7653
1555661330.8592 4.3815 -0.0464 0.1753 0.0346 0.0988 2.7732
1555661330.8927 4.3815 -0.0289 0.1765 0.0340 0.0949 2.7819
1555661330.9261 4.3835 -0.0098 0.1767 0.0347 0.0887 2.7915
1555661330.9927 4.3860 0.0258 0.1749 0.0364 0.0925 2.8075
1555661331.0262 4.3859 0.0446 0.1738 0.0380 0.0961 2.8171
1555661331.0595 4.3849 0.0645 0.1736 0.0381 0.0975 2.8249
1555661331.0928 4.3841 0.0839 0.1737 0.0377 0.0945 2.8317
1555661331.1262 4.3837 0.1031 0.1738 0.0368 0.0902 2.8392
1555661331.1930 4.3835 0.1406 0.1721 0.0381 0.0914 2.8530
1555661331.2265 4.3820 0.1591 0.1713 0.0391 0.0934 2.8599
1555661331.2599 4.3804 0.1798 0.1709 0.0385 0.0943 2.8664
1555661331.2932 4.3785 0.1975 0.1707 0.0381 0.0943 2.8712
1555661331.3266 4.3769 0.2168 0.1706 0.0395 0.0925 2.8779
1555661331.3934 4.3755 0.2555 0.1696 0.0369 0.0897 2.8895
1555661331.4270 4.3739 0.2727 0.1694 0.0397 0.0910 2.8958
1555661331.4603 4.3715 0.2930 0.1691 0.0405 0.0898 2.9027
1555661331.4937 4.3700 0.3152 0.1692 0.0381 0.0859 2.9080
1555661331.5269 4.3685 0.3325 0.1688 0.0370 0.0827 2.9122
1555661331.5936 4.3637 0.3671 0.1656 0.0413 0.0889 2.9250
1555661331.6272 4.3586 0.3853 0.1648 0.0410 0.0920 2.9308
1555661331.6606 4.3540 0.4038 0.1646 0.0405 0.0918 2.9353
1555661331.6938 4.3506 0.4200 0.1645 0.0404 0.0894 2.9399
1555661331.7271 4.3469 0.4365 0.1645 0.0408 0.0868 2.9454
1555661331.7941 4.3415 0.4683 0.1624 0.0406 0.0869 2.9558
1555661331.8276 4.3361 0.4820 0.1619 0.0433 0.0900 2.9624
1555661331.8608 4.3307 0.4992 0.1616 0.0435 0.0895 2.9693
1555661331.8943 4.3269 0.5157 0.1615 0.0417 0.0875 2.9746
1555661331.9277 4.3235 0.5289 0.1612 0.0419 0.0863 2.9806
1555661331.9944 4.3151 0.5578 0.1601 0.0441 0.0863 2.9958
1555661332.0278 4.3106 0.5733 0.1600 0.0425 0.0849 3.0019
1555661332.0612 4.3068 0.5871 0.1588 0.0417 0.0835 3.0084
1555661332.0946 4.3026 0.6011 0.1578 0.0435 0.0862 3.0152
1555661332.1281 4.2977 0.6136 0.1563 0.0460 0.0905 3.0207
1555661332.1614 4.2924 0.6258 0.1561 0.0458 0.0911 3.0279
1555661332.2281 4.2863 0.6548 0.1560 0.0451 0.0851 3.0430
1555661332.2615 4.2843 0.6670 0.1557 0.0462 0.0843 3.0497
1555661332.2950 4.2816 0.6794 0.1553 0.0466 0.0846 3.0582
1555661332.3283 4.2777 0.6928 0.1547 0.0467 0.0862 3.0654
1555661332.3951 4.2688 0.7144 0.1542 0.0466 0.0846 3.0798
1555661332.4285 4.2644 0.7273 0.1540 0.0472 0.0827 3.0877
1555661332.4619 4.2609 0.7410 0.1539 0.0471 0.0804 3.0927
1555661332.4953 4.2574 0.7504 0.1532 0.0467 0.0796 3.0981
1555661332.5286 4.2531 0.7609 0.1517 0.0486 0.0812 3.1059
1555661332.5619 4.2474 0.7735 0.1509 0.0499 0.0847 3.1116
1555661332.6288 4.2363 0.7935 0.1505 0.0497 0.0848 3.1200
1555661332.6620 4.2319 0.8050 0.1504 0.0502 0.0839 3.1250
1555661332.6956 4.2275 0.8161 0.1494 0.0508 0.0851 3.1283
1555661332.7290 4.2217 0.8253 0.1490 0.0510 0.0872 3.1312
1555661332.7958 4.2112 0.8462 0.1479 0.0522 0.0885 3.1387
1555661332.8290 4.2067 0.8563 0.1464 0.0538 0.0914 3.1400
1555661332.8625 4.2004 0.8664 0.1459 0.0544 0.0945 3.1413
1555661332.8960 4.1942 0.8762 0.1455 0.0542 0.0955 -3.1405
1555661332.9292 4.1880 0.8858 0.1447 0.0544 0.0962 -3.1376
1555661332.9627 4.1811 0.8943 0.1441 0.0544 0.0976 -3.1349
1555661333.0293 4.1673 0.9112 0.1426 0.0573 0.1000 -3.1285
1555661333.0628 4.1601 0.9196 0.1415 0.0573 0.1024 -3.1263
1555661333.0962 4.1532 0.9287 0.1398 0.0584 0.1058 -3.1247
1555661333.1295 4.1455 0.9365 0.1390 0.0593 0.1092 -3.1232
1555661333.1965 4.1307 0.9530 0.1385 0.0619 0.1117 -3.1186
1555661333.2297 4.1230 0.9620 0.1384 0.0616 0.1120 -3.1163
1555661333.2632 4.1158 0.9710 0.1379 0.0622 0.1121 -3.1144
1555661333.2965 4.1075 0.9797 0.1371 0.0631 0.1145 -3.1131
1555661333.2965 4.1075 0.9797 0.1371 0.0631 0.1145 -3.1131
1555661333.3632 4.0895 0.9984 0.1362 0.0648 0.1187 -3.1129
1555661333.4302 4.0704 1.0171 0.1355 0.0660 0.1221 -3.1135
1555661333.4634 4.0605 1.0265 0.1348 0.0660 0.1232 -3.1137
1555661333.4969 4.0501 1.0353 0.1340 0.0662 0.1244 -3.1140
1555661333.5302 4.0390 1.0440 0.1338 0.0662 0.1248 -3.1139
1555661333.5638 4.0276 1.0532 0.1330 0.0667 0.1242 -3.1133
1555661333.6304 4.0032 1.0728 0.1317 0.0670 0.1236 -3.1131
1555661333.6638 3.9906 1.0812 0.1300 0.0671 0.1240 -3.1119
1555661333.6972 3.9766 1.0901 0.1289 0.0676 0.1263 -3.1097
1555661333.7305 3.9623 1.0996 0.1284 0.0677 0.1273 -3.1077
1555661333.7980 3.9327 1.1203 0.1272 0.0686 0.1239 -3.1044
1555661333.8307 3.9189 1.1303 0.1253 0.0683 0.1229 -3.1024
1555661333.8641 3.9034 1.1398 0.1245 0.0693 0.1241 -3.0996
1555661333.8975 3.8877 1.1488 0.1229 0.0697 0.1244 -3.0954
1555661333.9308 3.8703 1.1601 0.1226 0.0697 0.1250 -3.0915
1555661333.9642 3.8529 1.1715 0.1224 0.0696 0.1220 -3.0888
1555661334.0311 3.8216 1.1894 0.1201 0.0684 0.1159 -3.0821
1555661334.0643 3.8044 1.1976 0.1190 0.0694 0.1155 -3.0772
1555661334.0979 3.7868 1.2076 0.1181 0.0691 0.1135 -3.0730
1555661334.1314 3.7697 1.2171 0.1176 0.0683 0.1118 -3.0698
1555661334.1647 3.7532 1.2260 0.1160 0.0682 0.1103 -3.0664
1555661334.2313 3.7189 1.2432 0.1141 0.0692 0.1105 -3.0611
1555661334.2648 3.7018 1.2520 0.1129 0.0689 0.1100 -3.0579
1555661334.2982 3.6844 1.2599 0.1124 0.0689 0.1093 -3.0548
1555661334.3315 3.6668 1.2677 0.1119 0.0688 0.1074 -3.0517
1555661334.3650 3.6493 1.2756 0.1115 0.0693 0.1050 -3.0487
1555661334.4319 3.6153 1.2917 0.1093 0.0679 0.1006 -3.0414
1555661334.4652 3.5973 1.2996 0.1082 0.0679 0.1000 -3.0393
1555661334.4984 3.5789 1.3076 0.1065 0.0678 0.0996 -3.0378
1555661334.5320 3.5596 1.3154 0.1053 0.0679 0.1009 -3.0367
1555661334.5653 3.5398 1.3237 0.1041 0.0680 0.1019 -3.0363
1555661334.6319 3.4985 1.3403 0.1023 0.0691 0.1056 -3.0377
1555661334.6654 3.4767 1.3491 0.1019 0.0682 0.1057 -3.0392
1555661334.6987 3.4559 1.3564 0.0996 0.0680 0.1055 -3.0409
1555661334.7321 3.4333 1.3645 0.0989 0.0680 0.1075 -3.0433
1555661334.7658 3.4109 1.3713 0.0983 0.0679 0.1068 -3.0453
1555661334.8324 3.3673 1.3869 0.0962 0.0681 0.1065 -3.0491
1555661334.8657 3.3451 1.3962 0.0959 0.0687 0.1062 -3.0506
1555661334.8657 3.3451 1.3962 0.0959 0.0687 0.1062 -3.0506
1555661334.9326 3.3020 1.4117 0.0953 0.0667 0.0983 -3.0531
1555661334.9660 3.2808 1.4169 0.0927 0.0664 0.0972 -3.0546
1555661335.0326 3.2363 1.4315 0.0890 0.0672 0.1057 -3.0588
1555661335.0659 3.2115 1.4407 0.0895 0.0677 0.1060 -3.0615
1555661335.0995 3.1907 1.4466 0.0891 0.0658 0.0988 -3.0623
1555661335.1328 3.1699 1.4539 0.0880 0.0654 0.0971 -3.0624
1555661335.1663 3.1486 1.4596 0.0862 0.0650 0.0978 -3.0650
1555661335.2331 3.1036 1.4725 0.0833 0.0642 0.1025 -3.0671
1555661335.2664 3.0818 1.4767 0.0823 0.0652 0.1026 -3.0675
1555661335.2999 3.0610 1.4824 0.0804 0.0658 0.1038 -3.0662
1555661335.3331 3.0388 1.4898 0.0802 0.0654 0.1047 -3.0633
1555661335.3665 3.0176 1.4948 0.0806 0.0641 0.0981 -3.0595
1555661335.4334 2.9807 1.5023 0.0801 0.0621 0.0876 -3.0494
1555661335.4668 2.9612 1.5072 0.0798 0.0625 0.0830 -3.0452
1555661335.5001 2.9445 1.5094 0.0752 0.0606 0.0800 -3.0407
1555661335.5334 2.9284 1.5104 0.0703 0.0614 0.0863 -3.0342
1555661335.5670 2.9076 1.5147 0.0700 0.0653 0.0941 -3.0259
1555661335.6002 2.8864 1.5217 0.0717 0.0662 0.0938 -3.0180
1555661335.6670 2.8514 1.5304 0.0732 0.0647 0.0825 -3.0029
1555661335.7004 2.8346 1.5331 0.0730 0.0649 0.0780 -2.9950
1555661335.7338 2.8177 1.5357 0.0700 0.0657 0.0787 -2.9886
1555661335.7673 2.8006 1.5365 0.0663 0.0653 0.0827 -2.9810
1555661335.8340 2.7587 1.5451 0.0653 0.0692 0.0896 -2.9646
1555661335.8674 2.7375 1.5499 0.0652 0.0695 0.0887 -2.9590
1555661335.9009 2.7186 1.5528 0.0650 0.0685 0.0860 -2.9523
1555661335.9341 2.6996 1.5555 0.0641 0.0689 0.0849 -2.9451
1555661335.9675 2.6811 1.5588 0.0634 0.0703 0.0857 -2.9389
1555661336.0011 2.6608 1.5618 0.0630 0.0698 0.0855 -2.9326
1555661336.0678 2.6233 1.5667 0.0605 0.0702 0.0848 -2.9178
1555661336.1012 2.6027 1.5700 0.0601 0.0709 0.0864 -2.9106
1555661336.1345 2.5824 1.5728 0.0599 0.0694 0.0839 -2.9019
1555661336.1680 2.5638 1.5756 0.0582 0.0690 0.0812 -2.8934
1555661336.2347 2.5274 1.5770 0.0528 0.0719 0.0872 -2.8751
1555661336.2681 2.5066 1.5804 0.0525 0.0728 0.0906 -2.8635
1555661336.3015 2.4859 1.5848 0.0523 0.0731 0.0903 -2.8530
1555661336.3348 2.4684 1.5871 0.0522 0.0713 0.0860 -2.8422
1555661336.4015 2.4336 1.5904 0.0501 0.0727 0.0814 -2.8170
1555661336.4350 2.4169 1.5914 0.0467 0.0730 0.0816 -2.8040
1555661336.4685 2.3997 1.5924 0.0432 0.0735 0.0848 -2.7902
1555661336.5018 2.3816 1.5929 0.0414 0.0745 0.0899 -2.7754
1555661336.5353 2.3625 1.5954 0.0400 0.0773 0.0950 -2.7621
1555661336.5685 2.3411 1.5989 0.0420 0.0780 0.0949 -2.7487
1555661336.6354 2.3146 1.5986 0.0465 0.0744 0.0783 -2.7205
1555661336.6686 2.3001 1.5991 0.0447 0.0746 0.0785 -2.7091
1555661336.7020 2.2799 1.5996 0.0375 0.0763 0.0830 -2.6947
1555661336.7354 2.2592 1.6005 0.0361 0.0780 0.0878 -2.6764
1555661336.7689 2.2383 1.6029 0.0366 0.0782 0.0868 -2.6603
1555661336.8024 2.2208 1.6044 0.0381 0.0783 0.0827 -2.6475
1555661336.8690 2.1891 1.6047 0.0378 0.0785 0.0733 -2.6149
1555661336.9024 2.1714 1.6058 0.0362 0.0787 0.0732 -2.5997
1555661336.9359 2.1540 1.6058 0.0331 0.0801 0.0759 -2.5858
1555661336.9691 2.1326 1.6065 0.0326 0.0820 0.0786 -2.5694
1555661337.0359 2.0924 1.6088 0.0328 0.0811 0.0729 -2.5399
1555661337.0693 2.0760 1.6088 0.0316 0.0814 0.0711 -2.5267
1555661337.1027 2.0571 1.6085 0.0305 0.0823 0.0709 -2.5112
1555661337.1362 2.0385 1.6090 0.0281 0.0821 0.0715 -2.4962
1555661337.1696 2.0205 1.6089 0.0265 0.0826 0.0746 -2.4827
1555661337.2030 2.0024 1.6085 0.0263 0.0833 0.0758 -2.4680
1555661337.2696 1.9688 1.6076 0.0256 0.0831 0.0724 -2.4373
1555661337.3031 1.9548 1.6071 0.0248 0.0827 0.0691 -2.4225
1555661337.3364 1.9423 1.6065 0.0230 0.0830 0.0682 -2.4075
1555661337.3698 1.9311 1.6054 0.0205 0.0837 0.0699 -2.3913
1555661337.4031 1.9179 1.6049 0.0195 0.0852 0.0731 -2.3744
1555661337.4701 1.8960 1.6027 0.0191 0.0853 0.0731 -2.3409
1555661337.5035 1.8875 1.6013 0.0192 0.0849 0.0696 -2.3225
1555661337.5369 1.8804 1.5998 0.0191 0.0850 0.0650 -2.3033
1555661337.5701 1.8727 1.5991 0.0186 0.0847 0.0614 -2.2847
1555661337.6370 1.8632 1.5952 0.0156 0.0855 0.0615 -2.2479
1555661337.6703 1.8568 1.5927 0.0150 0.0870 0.0619 -2.2282
1555661337.7037 1.8500 1.5916 0.0142 0.0872 0.0614 -2.2097
1555661337.7371 1.8469 1.5902 0.0136 0.0869 0.0614 -2.1925
1555661337.7705 1.8447 1.5878 0.0126 0.0888 0.0623 -2.1732
1555661337.8038 1.8410 1.5870 0.0123 0.0900 0.0628 -2.1525
1555661337.8706 1.8363 1.5856 0.0130 0.0878 0.0560 -2.1124
1555661337.9041 1.8365 1.5853 0.0124 0.0892 0.0545 -2.0926
1555661337.9375 1.8359 1.5856 0.0126 0.0907 0.0545 -2.0700
1555661337.9708 1.8347 1.5871 0.0126 0.0886 0.0503 -2.0466
1555661338.0041 1.8344 1.5904 0.0122 0.0880 0.0478 -2.0250
1555661338.0709 1.8338 1.5976 0.0122 0.0891 0.0444 -1.9782
1555661338.1046 1.8315 1.6033 0.0122 0.0880 0.0407 -1.9548
1555661338.1379 1.8296 1.6087 0.0122 0.0869 0.0378 -1.9337
1555661338.1713 1.8284 1.6142 0.0114 0.0869 0.0359 -1.9116
1555661338.2045 1.8256 1.6196 0.0102 0.0872 0.0356 -1.8880
1555661338.2714 1.8203 1.6288 0.0087 0.0872 0.0366 -1.8432
1555661338.3048 1.8180 1.6330 0.0084 0.0871 0.0363 -1.8200
1555661338.3381 1.8154 1.6373 0.0083 0.0866 0.0356 -1.7969
1555661338.3715 1.8127 1.6408 0.0081 0.0868 0.0345 -1.7758
1555661338.4384 1.8063 1.6476 0.0085 0.0846 0.0264 -1.7355
1555661338.4717 1.8036 1.6497 0.0081 0.0848 0.0249 -1.7166
1555661338.5050 1.8013 1.6505 0.0072 0.0863 0.0264 -1.6981
1555661338.5385 1.7975 1.6502 0.0070 0.0857 0.0277 -1.6787
1555661338.5719 1.7940 1.6496 0.0069 0.0848 0.0275 -1.6601
1555661338.6386 1.7887 1.6472 0.0065 0.0852 0.0281 -1.6243
1555661338.6720 1.7867 1.6447 0.0063 0.0841 0.0281 -1.6036
1555661338.7053 1.7852 1.6419 0.0062 0.0834 0.0273 -1.5832
1555661338.7388 1.7849 1.6396 0.0063 0.0835 0.0260 -1.5628
1555661338.7722 1.7847 1.6377 0.0068 0.0825 0.0234 -1.5395
1555661338.8056 1.7845 1.6354 0.0071 0.0807 0.0196 -1.5142
1555661338.8724 1.7835 1.6307 0.0075 0.0795 0.0132 -1.4645
1555661338.9057 1.7827 1.6278 0.0076 0.0787 0.0110 -1.4389
1555661338.9390 1.7809 1.6243 0.0073 0.0783 0.0106 -1.4132
1555661338.9725 1.7790 1.6198 0.0070 0.0786 0.0121 -1.3888
1555661339.0058 1.7768 1.6149 0.0069 0.0781 0.0121 -1.3645
1555661339.0726 1.7723 1.6063 0.0072 0.0750 0.0079 -1.3159
1555661339.1060 1.7704 1.6031 0.0073 0.0746 0.0059 -1.2927
1555661339.1394 1.7686 1.6000 0.0069 0.0746 0.0063 -1.2696
1555661339.1727 1.7664 1.5955 0.0068 0.0742 0.0073 -1.2453
1555661339.2062 1.7628 1.5917 0.0068 0.0728 0.0066 -1.2217
1555661339.2729 1.7574 1.5876 0.0067 0.0718 0.0070 -1.1748
1555661339.3064 1.7534 1.5856 0.0071 0.0713 0.0052 -1.1489
1555661339.3397 1.7475 1.5839 0.0076 0.0691 0.0021 -1.1237
1555661339.3732 1.7421 1.5830 0.0076 0.0668 -0.0006 -1.0992
1555661339.4064 1.7374 1.5822 0.0071 0.0668 -0.0014 -1.0734
1555661339.4734 1.7227 1.5803 0.0070 0.0638 -0.0032 -1.0220
1555661339.5067 1.7150 1.5794 0.0070 0.0615 -0.0049 -0.9976
1555661339.5401 1.7073 1.5786 0.0064 0.0601 -0.0056 -0.9731
1555661339.5735 1.6991 1.5770 0.0061 0.0597 -0.0052 -0.9485
1555661339.6068 1.6900 1.5740 0.0058 0.0579 -0.0054 -0.9242
1555661339.6736 1.6717 1.5676 0.0051 0.0551 -0.0054 -0.8776
1555661339.7069 1.6631 1.5638 0.0048 0.0540 -0.0052 -0.8545
1555661339.7402 1.6536 1.5587 0.0047 0.0527 -0.0056 -0.8307
1555661339.7738 1.6434 1.5535 0.0048 0.0506 -0.0076 -0.8077
1555661339.8073 1.6323 1.5482 0.0048 0.0485 -0.0108 -0.7846
1555661339.8739 1.6096 1.5362 0.0040 0.0462 -0.0114 -0.7392
1555661339.9073 1.5972 1.5271 0.0040 0.0446 -0.0116 -0.7170
1555661339.9407 1.5846 1.5177 0.0041 0.0426 -0.0134 -0.6968
1555661339.9741 1.5704 1.5082 0.0041 0.0407 -0.0162 -0.6778
1555661340.0073 1.5569 1.4990 0.0032 0.0398 -0.0163 -0.6608
1555661340.0741 1.5303 1.4733 0.0024 0.0386 -0.0135 -0.6289
1555661340.1078 1.5159 1.4599 0.0021 0.0382 -0.0126 -0.6159
1555661340.1411 1.5016 1.4454 0.0019 0.0370 -0.0115 -0.6039
1555661340.1744 1.4869 1.4323 0.0009 0.0349 -0.0102 -0.5921
1555661340.2079 1.4725 1.4186 0.0007 0.0349 -0.0080 -0.5807
1555661340.2412 1.4584 1.4022 0.0029 0.0355 -0.0109 -0.5700
1555661340.3081 1.4211 1.3677 0.0036 0.0277 -0.0220 -0.5526
1555661340.3415 1.4067 1.3529 0.0010 0.0292 -0.0190 -0.5463
1555661340.3748 1.3932 1.3344 -0.0023 0.0314 -0.0119 -0.5371
1555661340.4081 1.3783 1.3131 -0.0019 0.0318 -0.0058 -0.5278
1555661340.4749 1.3454 1.2721 0.0050 0.0283 -0.0118 -0.5177
1555661340.5084 1.3289 1.2563 0.0051 0.0289 -0.0191 -0.5110
1555661340.5418 1.3113 1.2359 0.0047 0.0294 -0.0202 -0.5042
1555661340.5751 1.2968 1.2151 0.0022 0.0273 -0.0159 -0.5003
1555661340.6085 1.2844 1.1956 0.0008 0.0287 -0.0106 -0.4946
1555661340.6417 1.2710 1.1735 0.0006 0.0313 -0.0076 -0.4880
1555661340.7086 1.2404 1.1301 0.0042 0.0257 -0.0153 -0.4792
1555661340.7420 1.2247 1.1123 0.0035 0.0273 -0.0162 -0.4746
1555661340.7755 1.2109 1.0909 0.0010 0.0277 -0.0104 -0.4688
1555661340.8089 1.2002 1.0690 0.0009 0.0267 -0.0060 -0.4631
1555661340.8756 1.1706 1.0246 0.0038 0.0263 -0.0101 -0.4555
1555661340.9091 1.1552 1.0063 0.0044 0.0245 -0.0156 -0.4504
1555661340.9424 1.1373 0.9850 0.0046 0.0263 -0.0173 -0.4445
1555661340.9756 1.1224 0.9636 0.0047 0.0240 -0.0173 -0.4410
1555661341.0091 1.1100 0.9458 0.0059 0.0217 -0.0195 -0.4361
1555661341.0757 1.0800 0.9077 0.0057 0.0224 -0.0219 -0.4238
1555661341.1092 1.0666 0.8894 0.0044 0.0211 -0.0182 -0.4180
1555661341.1427 1.0540 0.8710 0.0039 0.0204 -0.0138 -0.4099
1555661341.1761 1.0405 0.8522 0.0038 0.0209 -0.0115 -0.4022
1555661341.2096 1.0268 0.8336 0.0047 0.0191 -0.0134 -0.3946
1555661341.2762 0.9934 0.7986 0.0056 0.0145 -0.0212 -0.3762
1555661341.3097 0.9778 0.7820 0.0029 0.0138 -0.0181 -0.3676
1555661341.3430 0.9660 0.7667 0.0003 0.0136 -0.0118 -0.3574
1555661341.3764 0.9522 0.7466 0.0002 0.0130 -0.0077 -0.3457
1555661341.4098 0.9369 0.7276 0.0028 0.0096 -0.0110 -0.3364
1555661341.4431 0.9193 0.7111 0.0039 0.0069 -0.0169 -0.3269
1555661341.5100 0.8861 0.6758 0.0035 0.0054 -0.0201 -0.3071
1555661341.5432 0.8720 0.6596 0.0010 0.0022 -0.0172 -0.2997
1555661341.5768 0.8592 0.6445 -0.0000 0.0033 -0.0114 -0.2905
1555661341.6100 0.8469 0.6267 -0.0002 0.0039 -0.0081 -0.2808
1555661341.6767 0.8170 0.5891 0.0013 -0.0007 -0.0132 -0.2635
1555661341.7101 0.8016 0.5728 0.0020 -0.0030 -0.0161 -0.2555
1555661341.7435 0.7867 0.5563 0.0016 -0.0021 -0.0165 -0.2464
1555661341.7771 0.7730 0.5400 0.0001 -0.0018 -0.0135 -0.2381
1555661341.8104 0.7614 0.5214 -0.0000 -0.0027 -0.0105 -0.2290
1555661341.8437 0.7486 0.5028 0.0001 -0.0061 -0.0112 -0.2210
1555661341.9106 0.7213 0.4682 0.0008 -0.0077 -0.0131 -0.2072
1555661341.9440 0.7078 0.4523 0.0009 -0.0106 -0.0140 -0.1994
1555661341.9774 0.6932 0.4345 0.0002 -0.0100 -0.0111 -0.1918
1555661342.0107 0.6824 0.4203 0.0001 -0.0094 -0.0075 -0.1860
1555661342.0775 0.6564 0.3857 0.0018 -0.0122 -0.0126 -0.1700
1555661342.1110 0.6422 0.3708 0.0018 -0.0152 -0.0151 -0.1639
1555661342.1444 0.6276 0.3571 0.0015 -0.0133 -0.0132 -0.1564
1555661342.1777 0.6160 0.3425 0.0010 -0.0115 -0.0094 -0.1480
1555661342.2111 0.6035 0.3241 0.0020 -0.0127 -0.0084 -0.1402
1555661342.2445 0.5911 0.3106 0.0026 -0.0157 -0.0114 -0.1343
1555661342.3113 0.5641 0.2851 0.0029 -0.0153 -0.0166 -0.1170
1555661342.3446 0.5503 0.2709 0.0015 -0.0157 -0.0155 -0.1090
1555661342.3779 0.5384 0.2587 0.0002 -0.0155 -0.0111 -0.1013
1555661342.4115 0.5278 0.2456 0.0000 -0.0151 -0.0079 -0.0923
1555661342.4449 0.5166 0.2316 0.0013 -0.0151 -0.0079 -0.0846
1555661342.4782 0.5051 0.2169 0.0044 -0.0160 -0.0129 -0.0783
1555661342.5450 0.4775 0.1902 0.0027 -0.0174 -0.0183 -0.0668
1555661342.5784 0.4682 0.1799 0.0004 -0.0155 -0.0113 -0.0612
1555661342.6118 0.4602 0.1676 0.0002 -0.0141 -0.0054 -0.0547
1555661342.6118 0.4602 0.1676 0.0002 -0.0141 -0.0054 -0.0547
1555661342.7119 0.4318 0.1319 0.0051 -0.0158 -0.0120 -0.0438
1555661342.7454 0.4210 0.1215 0.0050 -0.0156 -0.0143 -0.0403
1555661342.7788 0.4117 0.1128 0.0037 -0.0135 -0.0117 -0.0384
1555661342.8120 0.4041 0.1053 0.0012 -0.0121 -0.0072 -0.0351
1555661342.8454 0.3972 0.0949 0.0015 -0.0125 -0.0035 -0.0306
1555661342.9122 0.3813 0.0790 0.0030 -0.0120 -0.0072 -0.0261
1555661342.9455 0.3726 0.0699 0.0048 -0.0120 -0.0092 -0.0216
1555661342.9790 0.3644 0.0617 0.0043 -0.0135 -0.0118 -0.0177
1555661343.0126 0.3557 0.0545 0.0025 -0.0123 -0.0100 -0.0155
1555661343.0792 0.3427 0.0413 0.0020 -0.0108 -0.0048 -0.0072
1555661343.1125 0.3349 0.0322 0.0023 -0.0114 -0.0048 -0.0046
1555661343.1125 0.3349 0.0322 0.0023 -0.0114 -0.0048 -0.0046
1555661343.1793 0.3177 0.0198 0.0026 -0.0113 -0.0085 0.0031
1555661343.2127 0.3085 0.0122 0.0025 -0.0122 -0.0086 0.0032
1555661343.2461 0.3007 0.0065 0.0025 -0.0120 -0.0076 0.0059
1555661343.3130 0.2849 -0.0054 0.0024 -0.0117 -0.0076 0.0132
1555661343.3462 0.2768 -0.0124 0.0023 -0.0121 -0.0074 0.0163
1555661343.3796 0.2692 -0.0183 0.0022 -0.0118 -0.0067 0.0185
1555661343.4131 0.2624 -0.0239 0.0019 -0.0120 -0.0066 0.0212
1555661343.4464 0.2551 -0.0292 0.0014 -0.0117 -0.0053 0.0239
1555661343.5133 0.2422 -0.0399 0.0008 -0.0113 -0.0027 0.0285
1555661343.5467 0.2349 -0.0455 0.0009 -0.0118 -0.0035 0.0303
1555661343.5800 0.2271 -0.0501 0.0009 -0.0118 -0.0039 0.0317
1555661343.6134 0.2202 -0.0537 0.0008 -0.0118 -0.0045 0.0336
1555661343.6467 0.2132 -0.0587 0.0004 -0.0118 -0.0040 0.0357
1555661343.7135 0.2007 -0.0667 0.0001 -0.0115 -0.0019 0.0386
1555661343.7470 0.1941 -0.0709 0.0001 -0.0118 -0.0026 0.0401
1555661343.7804 0.1869 -0.0749 -0.0001 -0.0117 -0.0026 0.0412
1555661343.8137 0.1806 -0.0784 -0.0002 -0.0118 -0.0019 0.0424
1555661343.8472 0.1745 -0.0821 -0.0002 -0.0123 -0.0020 0.0443
1555661343.9138 0.1622 -0.0885 -0.0007 -0.0119 -0.0017 0.0453
1555661343.9474 0.1564 -0.0912 -0.0007 -0.0118 -0.0012 0.0463
1555661343.9806 0.1502 -0.0941 -0.0007 -0.0126 -0.0016 0.0475
1555661344.0140 0.1441 -0.0964 -0.0008 -0.0125 -0.0022 0.0480
1555661344.0472 0.1391 -0.0983 -0.0009 -0.0124 -0.0022 0.0481
1555661344.1143 0.1291 -0.1011 -0.0013 -0.0129 -0.0027 0.0485
1555661344.1475 0.1254 -0.1018 -0.0014 -0.0122 -0.0025 0.0485
1555661344.1809 0.1218 -0.1027 -0.0015 -0.0127 -0.0028 0.0490
1555661344.2144 0.1191 -0.1034 -0.0015 -0.0133 -0.0030 0.0493
1555661344.2476 0.1198 -0.1038 -0.0013 -0.0217 -0.0370 0.1853
1555661344.3145 0.1164 -0.1058 -0.0019 -0.0214 -0.0361 0.1841
1555661344.3479 0.1148 -0.1065 -0.0020 -0.0212 -0.0353 0.1829
1555661344.3812 0.1127 -0.1070 -0.0021 -0.0209 -0.0355 0.1820
1555661344.4147 0.1100 -0.1077 -0.0023 -0.0208 -0.0356 0.1817
1555661344.4481 0.1075 -0.1086 -0.0024 -0.0214 -0.0358 0.1817
1555661344.4815 0.1044 -0.1098 -0.0026 -0.0216 -0.0363 0.1820
1555661344.5482 0.0967 -0.1129 -0.0032 -0.0218 -0.0362 0.1820
1555661344.5817 0.0932 -0.1147 -0.0036 -0.0217 -0.0357 0.1813
1555661344.6149 0.0896 -0.1160 -0.0038 -0.0215 -0.0356 0.1803
1555661344.6484 0.0857 -0.1175 -0.0040 -0.0215 -0.0361 0.1797
1555661344.7151 0.0785 -0.1190 -0.0052 -0.0211 -0.0351 0.1786
1555661344.7486 0.0751 -0.1199 -0.0054 -0.0208 -0.0336 0.1787
1555661344.7820 0.0720 -0.1206 -0.0056 -0.0208 -0.0333 0.1790
1555661344.8155 0.0690 -0.1219 -0.0055 -0.0213 -0.0342 0.1791
1555661344.8486 0.0653 -0.1227 -0.0056 -0.0216 -0.0355 0.1787
1555661344.9154 0.0597 -0.1243 -0.0066 -0.0206 -0.0353 0.1780
1555661344.9489 0.0580 -0.1247 -0.0068 -0.0201 -0.0344 0.1774
